FN01 4.20471 0.339766 -1.63155 1.26023 -0.38646 
FN01 3.00786 -0.673902 4.33433 -2.08278 -1.36484 
FN02 4.25887 -0.704983 2.9244 -1.54145 -0.320542 
FN02 2.4547 0.143006 1.36448 0.199654 0.185027 
FN15 3.68752 -0.839562 -1.25884 -0.183018 0.396526 
FN15 3.53967 -0.30491 0.0476922 0.0787503 0.0309746 
FN16 2.56285 0.150536 3.02754 -1.57444 -0.106189 
FN16 3.47521 -0.301633 3.78868 -2.01298 -0.463087 
FN19 3.44788 -0.617004 0.630222 1.22512 -0.0477271 
FN19 2.97435 -0.31868 1.76946 -1.28454 -0.150071 
FN20 3.02712 -0.4631 2.14345 -1.23191 0.0334587 
FN20 3.88634 -0.713176 1.45749 -0.88703 -0.239303 
FN22 3.23789 -0.157476 4.50118 -1.7136 0.0578775 
FN22 3.04074 -0.41352 2.70821 -0.936751 -0.25332 
FN23 3.32422 -0.342813 3.24371 -1.39238 -0.0984902 
FN23 3.02712 -0.4631 2.14345 -1.23191 0.0334587 
FN29 3.3076 -0.383988 0.742506 -1.09604 -1.15302 
FN29 3.45687 -0.468277 -0.524928 0.353374 -0.625856 
FN30 2.80149 0.008032 3.74325 -1.53472 -0.315549 
FN30 3.23712 -0.386747 3.79433 -1.54783 0.123257 
FN37 3.34502 -0.106858 3.97965 -2.30349 -0.519138 
FN37 2.82209 0.0340553 3.86915 -1.01842 0.171699 
FN38 3.34502 -0.106858 3.97965 -2.30349 -0.519138 
FN38 3.02712 -0.4631 2.14345 -1.23191 0.0334587 
FN48 3.17021 -0.824276 2.91931 -1.43573 -0.437991 
FN48 3.96216 -0.489064 1.6303 -0.639448 0.0445191 
FN49 2.29338 -0.574508 2.94324 -1.87661 -0.485687 
FN49 3.44788 -0.617004 0.630222 1.22512 -0.0477271 
FN64 3.53967 -0.30491 0.0476922 0.0787503 0.0309746 
FN64 4.18491 -0.816029 4.23085 -2.16462 -0.57111 
FN65 3.96216 -0.489064 1.6303 -0.639448 0.0445191 
FN65 3.52353 -1.20618 2.19837 -0.786443 -0.296859 
FN76 2.86826 -0.579815 1.28308 -0.876959 -0.0237702 
FN76 3.53428 -1.11389 4.34885 -2.32488 -0.409353 
FN87 2.62032 -0.335099 3.65212 -0.285336 0.124048 
FN87 3.8642 -1.00305 2.85293 -1.43446 -0.507639 
FN88 3.44788 -0.617004 0.630222 1.22512 -0.0477271 
FN88 3.98107 -0.773857 3.984 -2.09333 -0.58271 
FN106 3.45687 -0.468277 -0.524928 0.353374 -0.625856 
FN106 3.14784 -0.755681 4.37499 -2.02401 -1.46209 
FN107 4.166 -0.531235 1.87715 -0.710742 0.0561193 
FN107 4.04878 -0.549453 1.48542 -0.730604 -0.0728657 
FN172 2.57848 -0.736461 2.1986 -1.25325 -0.313609 
FN172 3.04941 -1.5954 2.40875 -0.957664 -0.136049 
FN173 2.3188 -0.411949 2.42664 -0.187141 -0.537936 
FN173 3.31427 -0.0893187 1.23055 -0.77656 0.122976 
FN199 2.3412 0.0947694 4.16873 0.118568 -0.481044 
FN199 4.06163 -0.913307 1.51811 -1.04739 -0.530621 
FN200 2.89737 -0.291817 2.29076 -0.803796 0.317879 
FN200 3.82274 -0.816562 -1.28003 0.459077 -0.437663 
FN271 2.9846 -0.302617 3.21639 -0.684132 -0.114945 
FN271 3.2932 -0.190119 3.84587 -2.26702 -0.533165 
FN272 3.06798 -0.420451 0.79215 -1.07081 -1.19799 
FN272 3.48818 -1.35106 1.60772 -1.06319 -0.190931 
TOT147 3.02802 -0.254864 3.79973 -1.61768 0.0696339 
TOT147 2.35468 -0.0821824 2.40137 -1.60762 0.0524139 
TOT148 3.70981 -0.642903 3.2175 -0.88163 -0.0565667 
TOT148 2.62946 -0.299272 2.63509 -1.69077 -0.265312 
FN75 3.95806 -0.676114 -1.28078 0.401353 -0.424098 
FN75 3.04394 -0.319141 3.32569 -1.80796 -0.345471 
NA07357 2.04954 -0.240939 -3.45032 1.31092 -0.0429605 
NA07357 3.23657 -0.295382 -0.746184 -0.270932 -0.209046 
NA11832 2.04905 0.0126863 -1.66405 0.781515 0.0280488 
NA11832 0.413368 0.721458 -5.36398 1.14886 -1.44842 
NA11892 1.16971 0.0769915 -0.519813 0.961835 -0.680483 
NA11892 1.07491 1.07913 -4.36487 1.17763 0.600471 
NA11894 2.78282 0.0183065 -2.27032 0.451203 0.0753761 
NA11894 3.78589 -1.24275 -3.36059 0.969591 0.20589 
NA11920 2.11326 -0.0160001 0.781499 0.703361 -0.473147 
NA11920 2.98105 0.172996 -4.6773 0.753652 0.672153 
NA11930 1.61361 -0.26691 -2.95193 0.671673 0.641325 
NA11930 1.90638 0.0623797 -3.35776 0.966881 0.905869 
NA11933 1.67393 1.08078 -3.92225 1.02851 0.224349 
NA11933 2.28431 0.861363 -4.89226 1.66744 -0.430606 
NA11994 1.22266 0.670098 -5.28629 2.29631 1.27398 
NA11994 -0.022954 -2.15743 0.630845 -1.59755 0.684674 
NA12004 1.10391 0.706681 0.0888194 1.44472 0.879991 
NA12004 1.28437 -0.192353 -2.89246 0.353696 0.0434286 
NA12005 2.1888 0.000312687 -3.95173 1.96455 1.20624 
NA12005 3.62853 0.409054 -0.633133 1.24911 0.127813 
NA12155 1.49235 0.658459 -5.30931 0.547827 1.42103 
NA12155 1.19211 -0.686382 -3.43196 -0.301792 1.06335 
NA12234 1.10459 -0.693239 -0.0367154 0.277063 0.631355 
NA12234 3.27366 0.641837 -1.80118 0.905978 0.410375 
NA12249 2.33598 0.459186 -0.0637457 -0.564916 -0.237647 
NA12249 1.83202 0.527522 -2.55291 0.614119 0.014026 
NA12341 1.8509 0.0595798 -3.80362 1.1339 1.17956 
NA12341 1.35688 0.500524 -1.30301 0.933687 0.073215 
NA12347 1.84228 0.199756 -2.09114 0.399369 -0.0248179 
NA12347 3.10151 -0.0841403 -0.84291 0.296184 -0.130391 
NA12399 0.646318 -0.0207603 -3.05455 0.850948 0.628975 
NA12399 0.662229 1.19514 -2.5162 0.201388 1.00325 
NA12414 2.82951 -0.390803 -1.16744 1.29508 0.130144 
NA12414 1.41185 0.166582 -0.660698 1.29144 0.741284 
NA12489 2.71121 -0.0505633 -2.05763 0.492385 0.561853 
NA12489 4.12318 0.179569 -5.33532 0.683568 0.969252 
NA12716 2.70884 -0.575226 -4.11098 1.52998 0.647639 
NA12716 4.06295 0.0706394 -3.07521 1.88747 1.57671 
NA12751 2.79507 -0.629283 0.0588466 0.316946 -0.640926 
NA12751 1.9963 0.110467 -1.67898 0.217838 0.811738 
NA12761 2.00871 -0.262948 -0.343627 0.378569 -0.20932 
NA12761 2.63832 0.310977 -3.57754 0.70274 0.114508 
NA12762 0.896026 -0.616893 -2.20638 0.213145 0.35337 
NA12762 3.8193 -1.35792 -1.13716 0.319029 0.128897 
NA12763 2.13638 -0.421314 -0.0350698 0.568441 -0.414823 
NA12763 1.74444 1.78764 -2.1348 2.11226 -1.44521 
NA12777 3.64827 -0.293473 0.112437 -0.653255 0.341906 
NA12777 1.88486 0.258592 -2.36376 1.32084 0.688871 
NA12778 3.11642 0.410668 -6.60865 0.770286 1.21747 
NA12778 3.62774 -0.566392 -0.113426 0.248945 -0.0660436 
NA12813 1.62922 -0.54487 -3.42432 0.75783 -1.25031 
NA12813 0.856137 0.273513 -4.3206 2.0811 0.906473 
NA12827 0.892677 0.514085 -3.70368 0.827767 -0.980523 
NA12827 1.30709 -0.100588 -3.57901 0.973192 -1.14298 
NA12828 0.207484 -1.05582 -2.2304 1.33148 0.65119 
NA12828 3.11241 0.189624 -4.2821 1.67366 0.557993 
NA12843 1.6828 -0.0548905 -0.520248 0.129367 -0.761322 
NA12843 2.21861 0.505215 -3.21567 2.18376 1.67065 
NA12873 3.66396 0.0380506 -6.27293 1.45032 0.99713 
NA12873 2.74676 0.0446772 -3.2571 2.55732 0.770895 
NA18499 -7.01358 0.170049 -1.23301 -6.96846 3.96091 
NA18499 -3.68443 0.883193 2.28813 -0.902943 -1.81412 
NA18504 -6.941 9.1714 7.09611 11.2183 8.03646 
NA18504 -4.62458 0.357609 1.48796 0.589385 -0.115648 
NA18505 -4.73402 -0.445817 1.65532 2.28235 3.76678 
NA18505 -3.26318 -2.09775 -2.92553 -1.88091 1.3525 
NA18508 -4.35231 -1.00863 1.80525 2.61417 1.34401 
NA18508 -6.08008 -0.300142 0.788541 -2.09379 -5.0196 
NA18517 -3.61252 3.12876 3.4374 3.9133 -2.87497 
NA18517 -3.93326 1.50092 -1.51514 -4.81694 -7.45103 
NA18519 -2.22696 1.52732 -1.38218 1.35793 -1.26384 
NA18519 -8.54997 -15.1634 -2.16058 1.72472 6.35055 
NA18520 -3.58624 1.61215 -0.133268 3.81811 -2.0503 
NA18520 -4.55677 0.320161 -0.576927 0.364967 -0.428251 
NA18523 -4.73408 1.30566 2.64151 4.80894 3.69763 
NA18523 -4.52673 0.749239 -1.72796 -2.10514 0.431606 
NA18864 -7.54883 1.92181 -0.93198 -3.19923 -6.17332 
NA18864 -3.8798 1.49432 0.435479 4.04995 -2.28473 
NA18870 -4.94696 -0.292202 -2.31067 -2.40348 -3.18527 
NA18870 -4.62784 7.7906 5.79249 8.78833 4.9697 
NA18908 -8.13327 7.94274 -2.25725 -8.44063 6.56053 
NA18908 -5.47459 -7.06803 0.121327 -1.45733 1.64848 
NA18924 -6.0068 6.95877 -1.20024 -3.4448 7.07889 
NA18924 -1.16934 0.849443 1.6347 1.04635 -1.91407 
NA18933 -9.56527 -4.88907 3.66382 0.553739 2.99635 
NA18933 -6.9162 1.73919 -1.26625 -0.0513263 -9.12209 
NA19096 -5.98104 -2.98922 -0.710128 1.3367 -0.545368 
NA19096 -6.20029 -4.0417 -2.65277 -3.00153 0.893505 
NA19099 -5.55784 3.48125 -1.21525 1.74297 -5.08861 
NA19099 -1.69389 1.34499 1.03849 -4.62665 1.15803 
NA19107 -10.8654 -5.40658 -4.27476 -5.39381 -5.20097 
NA19107 -4.50611 1.4074 -1.12507 -0.31352 0.0936214 
NA19121 -4.94894 2.00887 -1.6067 -0.286329 1.26563 
NA19121 -5.49418 1.14609 3.87707 3.77398 0.194715 
NA19147 -5.90278 2.72161 1.69859 0.644752 3.50976 
NA19147 -4.61515 3.45961 0.553268 1.46195 -2.50762 
NA19189 -7.35276 2.4165 -1.01007 0.0691636 -7.9091 
NA19189 -7.59845 3.51819 0.165301 -2.44574 -6.03242 
NA19197 -10.3937 -15.5727 0.389837 3.59794 3.6855 
NA19197 -7.99734 8.53692 -2.64806 -10.3934 8.3687 
NA19206 -4.98353 4.75958 -2.16225 -8.29553 8.16773 
NA19206 -7.47472 1.50805 -0.320824 0.99835 -4.01259 
NA19207 -5.91355 3.46293 2.82463 -0.0401813 5.26842 
NA19207 -9.87637 -16.2362 0.658998 3.57621 3.24298 
NA19209 -7.53507 -5.21252 1.72431 3.34848 1.51261 
NA19209 -5.82776 -1.60519 6.15362 8.98962 -1.23502 
NA19223 -3.81826 1.02819 -0.75905 0.691625 -3.02513 
NA19223 -8.93771 3.94394 0.364144 1.19858 -13.7126 
NA19238 -2.27373 1.39855 -3.46799 0.614105 -1.60148 
NA19238 -2.19471 3.52916 1.34398 0.667719 1.5382 
NA19239 -8.65374 0.408811 1.13156 4.91424 -3.62129 
NA19239 -4.81796 3.97585 -1.06628 -1.65754 0.189999 
NA19247 -9.6685 -6.97278 2.19874 -11.272 -1.14589 
NA19247 -2.57937 4.33305 1.9717 7.2348 2.764 
NA19256 -7.92605 4.5725 1.35743 2.59555 -1.72106 
NA19256 -7.09011 3.66064 1.55528 -4.21489 5.53562 
NA112082_A 1.6431 0.205224 -1.1865 0.131167 0.213741 
NA112082_B 1.63206 0.212444 -1.05853 0.458466 0.388806 
NA112081_A 1.44327 0.409645 -0.239191 -0.178767 0.283464 
NA112081_B 2.87621 -0.0519965 0.892437 -0.68961 -0.385717 
NA112080_A 1.43181 0.0995447 -0.29389 -0.223804 0.443956 
NA112080_B 0.728586 0.589346 0.161036 0.0991994 -0.125194 
NA111009_A 0.981212 0.693871 0.208442 -0.188072 -0.260562 
NA111009_B 2.83569 0.362741 -0.699739 0.157582 0.0763294 
NA111008_A 1.61224 0.349701 1.03492 -0.416094 -0.254538 
NA111008_B 0.981212 0.693871 0.208442 -0.188072 -0.260562 
NA111007_A 3.24614 0.092903 -0.272842 0.0982078 0.225469 
NA111007_B 1.93588 0.204104 -0.69522 0.284835 0.347189 
NA111069_A 1.07641 0.291647 -1.40985 0.571574 0.11215 
NA111069_B 0.85133 0.0604598 -2.45506 -0.0321295 -0.236641 
NA111004_A 1.87728 -0.0266063 1.25591 -0.34801 0.196424 
NA111004_B 2.11233 0.251465 0.302989 0.268766 -0.00240317 
NA111068_A 2.08632 0.00527144 -1.15207 -0.662171 0.412403 
NA111068_B 1.70436 0.18522 0.612056 -0.0197511 0.056274 
NA111003_A 2.31298 -0.0950111 2.05908 -0.530247 -0.134477 
NA111003_B 1.63206 0.212444 -1.05853 0.458466 0.388806 
NA111067_A 2.62913 0.26503 -0.719456 0.148715 0.164884 
NA111067_B 2.3915 -0.0519023 1.16234 -0.510038 -0.0689341 
NA111002_A 2.27737 0.455509 0.0970245 0.193834 -0.0342874 
NA111002_B 1.82514 0.229796 0.12398 0.256357 -0.191571 
NA111066_A 1.37135 0.19762 -1.62003 0.393548 0.0224836 
NA111066_B 1.46276 0.0716505 0.410668 -0.472417 0.00584868 
NA111064_A 1.77289 0.302488 0.779833 -0.296293 -0.193078 
NA111064_B 3.02449 -0.143193 0.205244 -0.207266 0.292674 
NA111063_A 2.3915 -0.0519023 1.16234 -0.510038 -0.0689341 
NA111063_B 1.81811 0.164629 0.589723 -0.480297 -0.146319 
NA111062_A 1.91019 0.148939 0.171877 0.162707 0.154415 
NA111062_B 1.66035 0.627636 -0.34959 0.244342 -0.0948722 
NA112079_A 1.15865 0.206509 -0.940894 -0.110767 0.414974 
NA112079_B 2.23263 0.0663724 1.43496 -0.35589 0.0442561 
NA112078_A 1.77289 0.302488 0.779833 -0.296293 -0.193078 
NA112078_B 1.83641 -0.659115 1.43682 -0.344845 0.306647 
NA112077_A 2.27515 0.365384 -0.986774 -0.251406 0.397095 
NA112077_B 1.04548 0.52789 0.869741 -0.338095 -0.220216 
NA112076_A 2.31298 -0.0950111 2.05908 -0.530247 -0.134477 
NA112076_B 2.39327 0.0191596 1.17987 -0.236089 0.105716 
NA112075_A 1.60517 0.236695 0.879431 -0.0733308 -0.151317 
NA112075_B 1.77746 0.143412 0.618755 -0.364024 -0.144807 
NA112074_A 1.6022 0.213508 0.976404 -0.168837 -0.136029 
NA112074_B 2.31816 0.215184 -0.13719 0.451224 0.0957381 
NA112073_A 2.07701 0.428895 -2.1167 0.0361621 0.461748 
NA112073_B 0.642741 0.564355 0.0358424 0.0690011 -0.177156 
NA112072_A 0.981212 0.693871 0.208442 -0.188072 -0.260562 
NA112072_B 1.80406 0.485463 0.214877 -0.0561215 -0.101835 
NA112071_A 1.68132 0.263016 -1.56572 0.305355 0.414672 
NA112071_B 1.94375 0.0889415 1.76525 -0.837291 -0.246208 
NA112070_A 2.40411 0.140135 -0.194798 -0.267469 -0.00611979 
NA112070_B 1.77289 0.302488 0.779833 -0.296293 -0.193078 
NA112006_A 2.50313 -0.167738 2.20293 -0.628693 0.0173872 
NA112006_B 2.51236 0.118686 0.523293 -0.323786 0.0387002 
NA112069_A 2.47049 0.405969 0.143901 0.190895 0.102289 
NA112069_B 3.1017 0.243616 -0.83073 0.219718 0.289247 
NA112005_A 1.46542 0.268828 -1.48789 0.408896 0.0750746 
NA112005_B 2.46231 -0.238282 1.43809 -0.635608 0.0973167 
NA112068_A 0.511027 0.454078 -1.05137 0.33371 0.187149 
NA112068_B 1.37331 -0.313647 -0.571735 -0.220538 0.352199 
NA112004_A 2.76004 -0.1612 0.85528 -0.320146 0.158793 
NA112004_B 2.12547 -0.1751 0.973446 -0.595643 -0.797583 
NA111081_A 1.88994 -0.14131 -0.945358 -0.25746 -0.340872 
NA111081_B 2.50313 -0.167738 2.20293 -0.628693 0.0173872 
NA112002_A 2.17465 0.190659 -0.345301 -0.00760977 -0.132617 
NA112002_B 1.94871 0.275491 0.655051 0.0534586 -0.0485753 
NA112066_A 2.11954 0.333922 -0.00140443 -0.135063 0.246762 
NA112066_B 1.51832 0.380939 -2.14141 0.489476 -0.112546 
NA111080_A 0.450232 0.605263 -0.151685 0.02706 -0.022412 
NA111080_B 1.31227 0.222831 -0.657436 0.261591 0.353271 
NA112001_A 1.2846 0.242358 -2.02032 0.250499 0.232916 
NA112001_B 2.24695 -0.19817 -1.34309 0.402776 0.463188 
NA112064_A 1.43539 0.331352 -1.25272 0.395733 0.168168 
NA112064_B 1.89919 0.222147 -1.31252 -0.0430484 0.489963 
NA112063_A 1.29516 0.412586 0.360845 -0.0900823 0.043456 
NA112063_B 1.20014 0.353223 0.289036 0.0522943 -0.299565 
NA112062_A 1.56413 -0.496066 0.651318 -0.34599 0.158865 
NA112062_B 2.11995 0.230102 1.48391 -0.461356 -0.275129 
NA112061_A 2.03128 0.41657 -2.4269 0.683467 0.366859 
NA112061_B 2.79417 0.0756595 -0.214151 0.0117829 0.105587 
NA112060_A 2.38847 0.251456 -0.588486 0.0241152 -0.0262811 
NA112060_B 1.26555 0.246614 0.031966 -0.0950967 0.21065 
NA111079_A 1.29534 0.504165 0.850405 -0.481642 -0.304231 
NA111079_B 2.05857 0.088594 1.67811 -0.339145 -0.136905 
NA111078_A 1.77028 0.0899915 -1.47149 0.304267 0.273821 
NA111078_B 2.02528 0.228911 0.294172 0.0740669 -0.470045 
NA111077_A 2.23263 0.0663724 1.43496 -0.35589 0.0442561 
NA111077_B 2.10936 0.228279 0.399961 0.17326 0.0128849 
NA111076_A 2.47774 0.108642 0.0891887 -0.0248673 0.140683 
NA111076_B 2.48536 0.0872786 1.27011 -0.754989 -0.132043 
NA111010_A 0.904899 0.594255 -0.235458 0.328929 0.0645325 
NA111010_B 3.02746 -0.120006 0.108272 -0.11176 0.277386 
NA111073_A 1.28316 -0.0274968 -1.60236 0.0370279 -0.206419 
NA111073_B 2.48536 0.0872786 1.27011 -0.754989 -0.132043 
NA111072_A 1.61224 0.349701 1.03492 -0.416094 -0.254538 
NA111072_B 1.93812 0.0816996 0.289586 -0.0190918 0.174234 
NA111071_A 1.82514 0.229796 0.12398 0.256357 -0.191571 
NA111071_B 1.89616 0.140582 1.81484 -0.825443 -0.161706 
NA111070_A 2.75868 -0.123664 0.966074 -0.529722 0.248803 
NA111070_B 1.98173 0.140603 0.237661 -0.26499 -0.100147 
NA122079_A 1.47434 0.528063 0.575801 -0.103636 0.202297 
NA122079_B 2.21888 0.435273 -0.516514 -0.0522307 0.184791 
NA122078_A 2.48469 0.415744 -1.27734 0.270226 0.228662 
NA122078_B 1.56628 0.556427 -0.481723 0.228994 -0.147463 
NA122077_A 1.59634 0.205699 0.379024 0.156844 0.0883046 
NA122077_B 1.78709 0.312263 -0.641412 -0.216962 -0.0667047 
NA122076_A 2.33448 -0.0553301 0.929758 -0.548512 -0.0440179 
NA122076_B 1.96908 0.0874935 1.14356 -0.254879 -0.187104 
NA122075_A 1.47437 0.378137 0.414591 -0.424666 -0.356689 
NA122075_B 0.453923 -0.5995 -0.79438 0.0944648 -0.234276 
NA122074_A 2.30498 -0.0298162 0.53082 -0.330266 -0.134422 
NA122074_B 2.31412 0.132668 0.44125 -0.240174 0.0945113 
NA122073_A 2.23086 -0.00468946 1.41743 -0.629838 -0.130394 
NA122073_B 1.66463 0.307122 -0.30733 -0.066926 -0.0411898 
NA122072_A 0.97634 0.680695 -0.15624 -0.101286 -0.119807 
NA122072_B 1.99207 0.115662 1.44994 -0.339726 -0.799023 
NA121084_A 2.45204 0.0635835 1.03989 -0.0318624 -0.106704 
NA121084_B -1.25288 -1.29109 0.185273 -1.0726 -0.00762456 
NA121083_A 1.85775 0.257582 -0.260453 -0.0698657 0.0953866 
NA121083_B 2.79714 0.0988461 -0.311124 0.107289 0.0902987 
NA121050_A 2.06548 0.36291 0.355996 -0.00211613 0.145678 
NA121050_B 1.66761 0.330309 -0.404302 0.02858 -0.0564779 
NA121082_A 1.3934 0.21196 -0.332119 -0.226793 -0.243502 
NA121082_B 2.85043 -0.120971 0.448387 -0.190521 0.111514 
NA122061_A 2.26459 0.257775 -0.667741 0.159059 0.375993 
NA122061_B 1.27474 0.378565 -0.99763 0.275932 0.106708 
NA122060_A 1.24288 0.428765 0.476001 -0.2307 -0.0478088 
NA122060_B 1.72151 0.199314 -0.0952965 0.193393 -0.103376 
NA121079_A 2.31788 0.0407716 1.6892 -0.653357 -0.496333 
NA121079_B 2.63677 0.000706139 -0.179723 0.209004 0.127421 
NA121078_A 1.91624 0.277819 0.353085 0.176199 -0.123692 
NA121078_B 2.31599 0.0687026 0.081463 0.395283 -0.0848787 
NA121077_A 1.16751 0.339669 -1.18075 0.491416 0.180029 
NA121077_B 2.121 0.182208 0.394374 -0.237235 -0.0420652 
NA121044_A 1.81573 -0.0927619 -1.64096 0.0742647 -0.264775 
NA121044_B 2.10936 0.228279 0.399961 0.17326 0.0128849 
NA121076_A 1.88542 0.171069 1.19146 -0.0682174 -0.0850287 
NA121076_B 2.51875 0.234792 1.33369 -0.23395 -0.18505 
NA121043_A 2.47457 0.185051 -0.443678 0.139947 -0.0130748 
NA121043_B 1.17578 0.30222 -2.11032 0.481429 0.104015 
NA121042_A 1.96908 0.0874935 1.14356 -0.254879 -0.187104 
NA121042_B 2.12972 0.0402806 0.888469 -0.135078 -0.125644 
NA121074_A 2.24212 0.203281 0.781245 -0.00789744 0.10774 
NA121074_B 0.924253 0.624817 -0.997625 -0.0161065 -0.0446934 
NA122059_A 1.96908 0.0874935 1.14356 -0.254879 -0.187104 
NA122059_B 3.1017 0.243616 -0.83073 0.219718 0.289247 
NA121041_A 1.78453 0.256417 0.774246 -0.706787 -0.248028 
NA121041_B 1.6022 0.213508 0.976404 -0.168837 -0.136029 
NA121073_A 1.6923 0.220609 1.14459 -0.0652777 -0.221605 
NA121073_B 2.33448 -0.0553301 0.929758 -0.548512 -0.0440179 
NA121040_A 0.351712 0.186428 -0.370417 0.247182 -0.625471 
NA121040_B 2.79714 0.0988461 -0.311124 0.107289 0.0902987 
NA122056_A 0.320483 0.749808 0.787364 -0.554202 0.178035 
NA122056_B 2.02874 0.4935 -0.734441 0.271346 0.290507 
NA121070_A 1.40147 0.379832 0.562474 -0.323637 -0.179629 
NA121070_B 1.32098 0.419542 -2.04578 0.530407 0.138853 
NA122055_A 1.61224 0.349701 1.03492 -0.416094 -0.254538 
NA122055_B 2.23086 -0.00468946 1.41743 -0.629838 -0.130394 
NA122054_A 1.6022 0.213508 0.976404 -0.168837 -0.136029 
NA122054_B 0.0792507 0.917325 -0.00629425 0.101793 0.030151 
NA122085_A 1.6788 0.302875 -0.587089 0.0536114 -0.0563367 
NA122085_B 0.335745 0.636866 -0.0993835 -0.0989745 0.0595047 
NA122021_A 1.99791 0.427383 0.255175 0.119892 -0.022074 
NA122021_B 2.02907 0.114108 1.27917 -0.120899 -0.227309 
NA122053_A 1.9675 -0.0984226 0.88946 -0.225304 -1.06756 
NA122053_B 2.07701 0.428895 -2.1167 0.0361621 0.461748 
NA122084_A 2.75117 0.0677496 0.509279 -0.432533 -0.0881715 
NA122084_B 1.89054 0.206627 1.22663 -0.14889 -0.277416 
NA122020_A 1.35206 0.259621 0.696944 -0.204372 -0.247689 
NA122020_B -0.369994 0.446434 -0.841452 -0.166752 -0.725984 
NA122052_A 1.88542 0.171069 1.19146 -0.0682174 -0.0850287 
NA122052_B 1.88542 0.171069 1.19146 -0.0682174 -0.0850287 
NA122083_A 2.48213 0.359898 0.138314 -0.2196 0.047339 
NA122083_B 2.28038 -0.129409 -0.787873 0.0390393 0.167051 
NA122051_A -0.20565 0.562296 -0.63836 -0.391308 -0.0926401 
NA122051_B 1.88542 0.171069 1.19146 -0.0682174 -0.0850287 
NA122050_A 1.93958 0.113007 0.74462 -0.0366327 -0.277509 
NA122050_B 2.68329 -0.102052 1.4754 -0.94699 -0.353247 
NA122081_A 2.48213 0.359898 0.138314 -0.2196 0.047339 
NA122081_B 2.23537 0.333924 -1.05294 0.49337 0.192744 
NA122080_A 2.85341 -0.0977848 0.351415 -0.0950149 0.0962255 
NA122080_B 1.77746 0.143412 0.618755 -0.364024 -0.144807 
NA121039_A 1.63206 0.212444 -1.05853 0.458466 0.388806 
NA121039_B 1.3078 0.537863 -0.262068 0.366826 -0.0373792 
NA121038_A 2.12972 0.0402806 0.888469 -0.135078 -0.125644 
NA121038_B 3.1056 -0.138221 0.197289 -0.12075 0.0193007 
NA121068_A 2.10936 0.228279 0.399961 0.17326 0.0128849 
NA121068_B 1.77104 0.160497 0.288542 0.127221 -0.158529 
NA121066_A 1.97205 0.11068 1.04659 -0.159373 -0.202393 
NA121066_B 1.95169 0.298678 0.558078 0.148965 -0.0638634 
NA121065_A 1.44155 0.260721 1.23149 -0.288638 -0.197489 
NA121065_B 2.1327 0.0634672 0.791497 -0.0395724 -0.140932 
NA121064_A 1.23654 0.457178 -0.189168 0.42196 -0.406007 
NA121064_B 2.27737 0.455509 0.0970245 0.193834 -0.0342874 
NA122049_A 1.42401 0.21624 0.625468 -0.0046378 -0.0475052 
NA122049_B 1.41821 0.362292 -1.1865 0.280115 0.0921485 
NA122048_A 1.69496 0.353435 1.61832 -0.511343 -0.0845147 
NA122048_B 1.02259 0.351728 -0.220855 0.110461 0.072375 
NA121062_A 1.95304 0.185129 0.0757909 -0.604763 0.165919 
NA121062_B 1.66831 0.0854522 0.322473 -0.0714988 -0.0881207 
NA261016_A 2.59639 -0.235987 -0.218074 -0.179286 -0.741852 
NA261016_B 1.45945 0.274708 0.628386 0.161005 -0.348375 
NA261015_A 1.6022 0.213508 0.976404 -0.168837 -0.136029 
NA261015_B 2.31204 0.237677 0.897138 -0.173678 -0.0657432 
NA261013_A 2.20214 0.0628403 -0.610659 -0.562561 0.401544 
NA261013_B 0.987528 0.383666 -0.450112 0.000404103 0.45196 
NA261012_A 2.25299 -0.121625 1.92347 -0.664228 -0.094273 
NA261012_B 0.909919 0.480708 -1.36752 0.367921 0.403564 
NA261011_A 1.45288 -0.747134 -0.0392834 -0.0738894 0.717849 
NA261011_B 1.72769 0.0204085 1.00359 -0.232583 -0.0975432 
NA262059_A 2.59375 0.244063 1.1789 -0.338255 0.13366 
NA262059_B 2.75246 -0.189086 0.582761 -0.389227 -0.207501 
NA261071_A 1.53457 0.0699486 0.956715 -0.229643 -0.23412 
NA261071_B 2.10476 0.187481 -0.795894 0.183515 0.13306 
NA261070_A 3.01244 -0.20572 0.0825033 0.138857 0.0829633 
NA261070_B 2.0666 0.168999 -2.22735 0.424556 0.355126 
NA262081_A 0.650121 -0.208026 -0.333972 0.214703 0.399798 
NA262081_B 2.47049 0.405969 0.143901 0.190895 0.102289 
NA262080_A 1.09168 0.192302 -1.43736 -0.00688154 0.265386 
NA262080_B 1.91395 0.0488305 0.196586 0.297778 -0.0567776 
NA261068_A 2.12648 0.148473 1.44316 -0.791178 -0.137692 
NA261068_B 2.76165 -0.100477 0.869102 -0.434216 0.233515 
NA261067_A 1.99845 -0.23147 -0.0236419 -0.228599 0.04248 
NA261067_B -0.256991 0.108614 0.0510253 -0.057209 -1.02568 
NA261066_A 1.8516 0.103786 -0.341935 0.16068 0.108746 
NA261066_B 2.17715 0.247787 -0.660765 0.0622905 0.0450018 
NA261065_A 2.15696 0.176638 0.350374 0.161412 -0.0716165 
NA261065_B 1.25348 0.110267 -0.176716 -0.0293909 0.0155587 
NA261064_A 1.3742 0.296641 0.974098 -0.23237 0.0922042 
NA261064_B 0.802745 0.16971 -2.54538 0.362872 -0.328905 
NA261063_A 1.05893 0.438754 -0.224935 0.162928 -0.615484 
NA261063_B 2.07859 0.294488 0.227084 -0.48037 -0.0151985 
NA261062_A 1.38368 0.0930101 -2.278 0.0738948 0.201648 
NA261062_B 1.51883 0.319058 -1.08251 0.361894 0.0485015 
NA262048_A 1.73272 -0.281654 -0.0806937 0.0653489 -0.87902 
NA262048_B 0.766231 0.359843 0.325617 0.0746108 -0.018636 
NA262079_A 1.71161 0.571718 -1.9029 0.329795 0.318661 
NA262079_B 1.51271 0.212408 0.441855 -0.0845708 -0.186229 
NA261061_A 1.50789 -0.0352636 -0.526577 -0.241934 0.205964 
NA261061_B 2.3199 0.21738 0.00613543 -0.214659 0.336083 
NA262078_A 2.30984 0.453182 0.39899 0.0710936 0.0408289 
NA262078_B 1.47049 0.103232 -0.110813 0.0958722 0.228276 
NA262077_A 1.69095 0.150999 -0.0868454 0.0408792 0.0472859 
NA262077_B 2.75868 -0.123664 0.966074 -0.529722 0.248803 
NA262076_A 1.13196 0.227684 -0.0900002 0.124918 0.141116 
NA262076_B 1.67469 0.218056 1.0182 -0.260961 0.204536 
NA262074_A 2.21148 0.0376899 -0.846767 0.260891 0.196089 
NA262074_B 1.4873 0.320663 0.0890544 0.117038 -0.0110518 
NA262070_A 2.19326 0.0264923 -2.14144 0.225137 0.48382 
NA262070_B 1.72099 0.348881 -0.963083 0.267378 0.358174 
NA261028_A 2.39172 -0.122056 2.53819 -1.07571 -0.488943 
NA261028_B 1.41387 0.393754 0.48489 -0.311091 0.165164 
NA261027_A 1.41523 0.339106 -1.08953 0.184609 0.107437 
NA261027_B 1.36299 -0.150615 0.263716 -0.264194 -0.823145 
NA261026_A 2.31788 0.0407716 1.6892 -0.653357 -0.496333 
NA261026_B 2.40986 -0.0796903 0.708753 -0.127979 0.0447957 
NA262100_A -0.536574 0.778443 -0.803264 0.313872 0.232744 
NA262100_B 2.31271 0.281615 -2.8151 0.21491 0.577673 
NA261024_A 1.82504 0.259188 -2.09719 0.576485 0.383663 
NA261024_B 1.28999 0.048466 -0.379546 0.18526 -0.559419 
NA262009_A 1.76137 0.409743 0.173059 0.0819131 0.0564204 
NA262009_B 0.672973 0.220593 -0.82616 0.235768 -0.620004 
NA261023_A 0.44383 0.31282 -0.159817 -0.0726966 -0.796172 
NA261023_B 2.11233 0.251465 0.302989 0.268766 -0.00240317 
NA262008_A 2.07046 0.239843 0.109082 0.136724 -0.433363 
NA262008_B 2.13227 0.390178 -0.241811 0.384706 0.196069 
NA261022_A 0.692718 -0.0599871 -1.84079 0.166975 -0.562168 
NA261022_B 2.76094 -0.122072 -0.0861617 -0.106255 0.0613136 
NA262007_A 1.49317 -0.0784889 -1.02282 -0.104417 0.444106 
NA262007_B 1.50976 0.439047 -0.487355 -0.161212 0.138922 
NA261021_A -0.200589 0.116768 0.339258 -0.212162 -1.21372 
NA261021_B 1.79253 0.26139 -1.45343 0.15662 -0.256064 
NA262006_A 1.77747 0.128912 0.544676 -0.138893 0.112774 
NA262006_B 2.0573 0.201711 -1.66269 0.402148 0.134085 
NA262069_A 2.41363 -0.168838 1.66838 -0.544427 -0.0328128 
NA262069_B 0.867756 0.280183 -1.57121 0.165718 -0.609267 
NA262004_A 2.85924 -0.100679 0.0908421 -0.300642 -0.150367 
NA262004_B 1.21417 -0.0935987 -1.30785 0.162276 -0.694281 
NA262099_A 1.38194 -0.0167848 0.0804388 -0.0069681 0.349439 
NA262099_B 1.52777 0.126118 0.254109 -0.0320629 -0.574448 
NA262003_A 1.57067 0.0980115 -0.0604596 0.154497 0.226886 
NA262003_B 2.49578 0.0680292 -0.488805 -0.012727 -0.444548 
NA262002_A 1.91624 0.277819 0.353085 0.176199 -0.123692 
NA262002_B 1.67913 0.574046 -2.20487 0.452536 0.243545 
NA262065_A 2.74058 0.065926 -0.57467 0.202083 0.199843 
NA262065_B 2.87621 -0.0519965 0.892437 -0.68961 -0.385717 
NA262001_A 1.82826 0.268597 -0.73347 0.373512 0.262563 
NA262001_B 1.64394 0.154059 0.329437 0.144996 0.00380317 
NA262063_A 1.24423 -0.542053 0.754414 -0.0472515 0.277198 
NA262063_B 1.40177 -0.072122 -0.121805 0.143736 -0.802642 
NA262062_A 1.11068 0.192536 0.556978 -0.182076 -0.158128 
NA262062_B 0.980101 -0.352696 0.257676 0.00765759 0.0840169 
NA262061_A 2.12703 0.00069823 1.54287 -0.366735 -0.222311 
NA262061_B 1.60833 0.0694068 -0.376368 0.00139577 -0.307173 
NA261019_A 1.67351 0.06267 -0.129932 -0.310361 0.283256 
NA261019_B 2.50313 -0.167738 2.20293 -0.628693 0.0173872 
NA261018_A 2.15696 0.176638 0.350374 0.161412 -0.0716165 
NA261018_B 1.8516 0.103786 -0.341935 0.16068 0.108746 
NA261017_A 3.02449 -0.143193 0.205244 -0.207266 0.292674 
NA261017_B 2.22219 0.0645677 1.32605 -0.123838 -0.0907323 
NA301049_A 2.10936 0.228279 0.399961 0.17326 0.0128849 
NA301049_B 2.75868 -0.123664 0.966074 -0.529722 0.248803 
NA301016_A 2.84155 -0.0946244 0.850672 -0.756343 0.148326 
NA301016_B 1.9032 0.274461 0.664493 -0.0158171 0.145625 
NA301048_A 2.10936 0.228279 0.399961 0.17326 0.0128849 
NA301048_B 2.39327 0.0191596 1.17987 -0.236089 0.105716 
NA301015_A 1.51422 -0.0426347 -1.36652 0.221163 0.300573 
NA301015_B 1.80944 0.233886 0.498338 0.0257031 -0.106657 
NA301047_A 2.42221 -0.0494545 1.34595 -0.999275 0.0428405 
NA301047_B 2.11233 0.251465 0.302989 0.268766 -0.00240317 
NA301014_A 2.39625 0.0423462 1.0829 -0.140583 0.0904283 
NA301014_B 1.49532 0.423592 -0.143625 0.319273 -0.062988 
NA301046_A 2.47477 0.0854549 0.186161 -0.120373 0.155971 
NA301046_B 2.05178 0.0698613 -1.79673 0.0424889 0.426276 
NA301013_A -2.35791 -1.11266 0.566275 -1.10093 0.0317696 
NA301013_B 1.98827 -0.0238992 1.39197 -0.4291 0.149105 
NA301012_A 1.11448 0.166481 -1.09489 0.00207868 0.26176 
NA301012_B 0.992254 0.383633 -0.900254 0.368509 0.28247 
NA302029_A 2.55279 0.0085745 -0.354118 0.0340792 0.195148 
NA302029_B 2.47893 0.109444 -0.262776 0.019212 0.322821 
NA302028_A 0.883998 0.275937 -0.442337 -0.090731 0.350659 
NA302028_B 1.5141 0.370002 -1.9989 0.527467 0.275429 
NA301010_A 2.1408 0.304334 -0.0187971 -0.523318 -0.150069 
NA301010_B 2.02907 0.114108 1.27917 -0.120899 -0.227309 
NA302027_A 2.39327 0.0191596 1.17987 -0.236089 0.105716 
NA302027_B 2.20015 0.0686997 1.133 -0.233149 -0.0308601 
NA302026_A 2.47774 0.108642 0.0891887 -0.0248673 0.140683 
NA302026_B 2.05857 0.088594 1.67811 -0.339145 -0.136905 
NA302025_A 1.52406 0.0636851 -1.15469 -0.4044 0.55806 
NA302025_B 2.31519 0.191998 -0.0402179 0.355718 0.111026 
NA302024_A 2.39327 0.0191596 1.17987 -0.236089 0.105716 
NA302024_B 2.24269 -0.16943 1.04211 -0.641643 0.339511 
NA302023_A 1.49532 0.423592 -0.143625 0.319273 -0.062988 
NA302023_B 2.44978 0.0115554 -0.811169 0.0903595 0.318812 
NA302022_A 2.5546 0.40306 -1.83317 0.357834 0.326008 
NA302022_B 1.71866 0.373987 -2.58745 0.374353 0.188009 
NA302021_A 2.19644 0.248556 -1.67408 0.435705 0.221316 
NA302021_B 2.15696 0.176638 0.350374 0.161412 -0.0716165 
NA302020_A 1.61224 0.349701 1.03492 -0.416094 -0.254538 
NA302020_B 1.33467 0.470805 0.111464 0.199472 -0.124448 
NA301009_A 2.39327 0.0191596 1.17987 -0.236089 0.105716 
NA301009_B 3.11981 0.0540265 0.710014 -0.512087 0.338207 
NA301008_A 1.91493 -0.616006 0.540077 -0.324635 0.37219 
NA301008_B 1.95931 0.277315 1.739 -0.581157 -0.33659 
NA301007_A 1.54704 0.266472 -0.50325 -0.462702 0.275315 
NA301007_B 0.866545 0.0745298 0.423394 -0.220543 -0.734811 
NA301005_A 1.95455 0.127111 -2.65601 0.29278 0.47298 
NA301005_B 2.39625 0.0423462 1.0829 -0.140583 0.0904283 
NA301004_A 2.5876 -0.0782559 1.11225 -0.417471 0.0523543 
NA301004_B 1.97745 0.306473 0.191283 -0.449407 -0.280498 
NA301002_A 1.15953 0.596351 -0.197949 0.170879 -0.33825 
NA301002_B 2.74193 0.02839 -0.685464 0.41166 0.109832 
NA302019_A 0.663842 -0.233363 0.32932 0.0763 0.139089 
NA302019_B 2.1383 0.159664 0.566033 -0.589926 -0.049991 
NA301001_A 1.75825 0.318944 1.35571 -0.512985 0.295129 
NA301001_B 2.19367 0.125773 -0.947271 0.0798793 0.40565 
NA302018_A 2.12653 0.26124 -1.11826 0.348097 0.12397 
NA302018_B 1.29923 0.449946 -0.0935293 0.226707 -0.184276 
NA302017_A 2.21922 0.0413811 1.42302 -0.219344 -0.0754443 
NA302017_B 0.392404 0.472394 -0.56099 0.361227 0.446804 
NA301095_A 2.74663 -0.186191 0.843334 -0.1836 0.0390921 
NA301095_B 1.80647 0.2107 0.59531 -0.0698029 -0.0913692 
NA302015_A 2.3197 0.316975 -0.623704 0.0456606 0.167037 
NA302015_B 1.63116 0.167806 0.824716 -0.207217 -0.365829 
NA302014_A 1.60517 0.236695 0.879431 -0.0733308 -0.151317 
NA302014_B 0.800267 -0.166762 -1.41079 0.419327 0.613074 
NA302013_A 2.56556 -0.0741238 0.919198 -0.526782 0.112227 
NA302013_B 2.39327 0.0191596 1.17987 -0.236089 0.105716 
NA302012_A 1.76006 -0.0322761 1.18725 -0.30201 -0.94067 
NA302012_B 1.2693 0.486197 0.854034 -0.362264 -0.46662 
NA302010_A 1.3317 0.447619 0.208437 0.103966 -0.10916 
NA302010_B 1.89616 0.140582 1.81484 -0.825443 -0.161706 
NA301055_A 1.80319 0.273391 0.558587 0.0445504 -0.269653 
NA301055_B 2.26156 -0.00224164 1.60104 -1.11908 -0.0186198 
NA302009_A 2.12653 0.26124 -1.11826 0.348097 0.12397 
NA302009_B 1.93812 0.0816996 0.289586 -0.0190918 0.174234 
NA301054_A 2.11233 0.251465 0.302989 0.268766 -0.00240317 
NA301054_B 2.20015 0.0686997 1.133 -0.233149 -0.0308601 
NA301053_A 1.60517 0.236695 0.879431 -0.0733308 -0.151317 
NA301053_B 2.02576 0.484813 -0.56339 -0.049291 0.0482144 
NA301052_A 2.31788 0.0407716 1.6892 -0.653357 -0.496333 
NA301052_B 1.83541 0.142086 0.761382 -0.832988 -0.154245 
NA302006_A 1.14864 0.261356 -0.231295 -0.178847 0.0495179 
NA302006_B 2.39327 0.0191596 1.17987 -0.236089 0.105716 
NA301051_A 0.981701 0.18712 -0.529613 0.0841516 0.0112027 
NA301051_B 1.03985 0.331992 -0.949841 0.356661 0.197969 
NA302005_A 0.981632 0.455733 -0.747947 0.314252 0.117819 
NA302005_B 2.60101 -0.0532646 1.12419 -0.554017 0.172055 
NA301050_A 0.903146 0.358371 0.593831 -0.15647 -0.004573 
NA301050_B 2.83589 0.263145 -0.0698994 -0.102738 0.245376 
NA302004_A 2.20015 0.0686997 1.133 -0.233149 -0.0308601 
NA302004_B 1.64582 0.257913 0.8504 -0.189604 -0.152829 
NA302003_A 1.55928 0.380934 -2.18399 0.590124 0.31211 
NA302003_B 2.23698 0.394647 -1.03912 0.379299 0.267466 
NA302001_A 1.45061 0.24514 -0.947486 -0.0494056 0.225623 
NA302001_B 1.64534 0.444109 -1.26952 0.112613 0.297496 
NA302032_A 2.64277 0.312686 -0.116776 -0.0997986 0.108799 
NA302032_B 1.61224 0.349701 1.03492 -0.416094 -0.254538 
NA302031_A 2.75706 -0.184387 0.952252 -0.415652 0.174081 
NA302031_B 2.21922 0.0413811 1.42302 -0.219344 -0.0754443 
NA312087_A 1.09407 0.339146 -1.15731 0.193424 0.0562272 
NA312087_B 2.24051 0.142558 0.767423 0.106173 0.0330177 
NA312023_A -0.177417 -0.116209 -1.80198 -0.195044 1.02139 
NA312023_B 1.62027 0.185852 0.506267 -0.118944 -0.426655 
NA312086_A 1.95169 0.298678 0.558078 0.148965 -0.0638634 
NA312086_B 1.51661 0.524769 -0.799219 0.644791 0.045474 
NA312022_A 2.51236 0.118686 0.523293 -0.323786 0.0387002 
NA312022_B 2.48516 0.186874 0.640271 -0.494669 -0.301089 
NA312021_A 1.99631 0.223851 0.605464 0.0416107 -0.133077 
NA312021_B 1.61252 0.0458022 -1.13938 0.299885 0.345388 
NA312084_A 1.77289 0.302488 0.779833 -0.296293 -0.193078 
NA312084_B 1.97872 0.266207 0.339654 -0.113835 -0.0949364 
NA312020_A 2.03707 0.255503 -1.27062 0.651476 0.345416 
NA312020_B 1.14958 0.336724 -0.152535 0.0202151 0.168267 
NA312083_A 2.03541 0.63206 -1.2134 0.686721 0.211626 
NA312083_B 2.25596 -0.0984389 1.8265 -0.568722 -0.109561 
NA312082_A 2.33555 0.00399987 0.44829 0.0473798 -0.027503 
NA312082_B 0.770991 0.59311 0.489184 0.144719 -0.0801997 
NA311009_A 1.16746 0.0646768 -0.254313 0.114822 -0.133768 
NA311009_B 2.74549 -0.218809 2.32998 -0.958846 -0.290906 
NA311008_A 0.817528 0.764253 0.352741 -0.0275838 -0.187527 
NA311008_B 0.770037 0.268821 -0.367154 0.437066 0.175938 
NA311007_A 1.7765 0.0617307 -0.500639 0.336955 0.325027 
NA311007_B 2.83535 -0.239711 2.95371 -1.28274 -0.449914 
NA311039_A 1.24063 0.210633 -1.51147 0.445522 -0.57679 
NA311039_B 2.10936 0.228279 0.399961 0.17326 0.0128849 
NA311006_A 0.864879 0.229833 -0.943394 0.700614 0.321398 
NA311006_B 1.49532 0.423592 -0.143625 0.319273 -0.062988 
NA311038_A 1.31713 0.562063 -0.478376 -0.0383272 0.0497016 
NA311038_B 2.07364 0.132235 0.624898 -0.0814428 0.439254 
NA311005_A 2.85907 -0.0936529 0.0650901 -0.620172 0.449356 
NA311005_B 2.38142 0.243934 -0.48123 0.257789 0.203688 
NA311037_A 1.90321 0.254582 1.31364 -0.40339 -0.107556 
NA311037_B 1.24239 0.155825 -0.0329091 0.0938567 0.0117614 
NA311004_A 2.0602 0.0888172 -0.903207 0.0274768 0.354352 
NA311004_B 2.18939 0.446288 -0.989531 0.391147 0.351967 
NA311036_A 0.814497 0.0875369 -1.29454 0.390361 -0.493488 
NA311036_B 1.61224 0.349701 1.03492 -0.416094 -0.254538 
NA311003_A 2.20413 0.151918 0.594968 -0.0666052 -0.265544 
NA311003_B 2.22802 0.0616735 1.06547 -0.329465 -0.337325 
NA311035_A 2.0344 0.308986 -1.00878 0.392133 -0.167344 
NA311035_B 2.31519 0.191998 -0.0402179 0.355718 0.111026 
NA311002_A 1.09742 0.228291 -0.0504035 0.0349203 -0.12728 
NA311002_B 2.74058 0.065926 -0.57467 0.202083 0.199843 
NA311034_A 1.39036 0.102865 0.506976 0.0178243 0.0147313 
NA311034_B 2.0568 0.0933691 1.55975 -0.705642 -0.100246 
NA312019_A 0.602017 0.630167 0.710776 -0.104652 0.42454 
NA312019_B 1.26168 0.43361 -0.22302 0.210005 0.0116591 
NA311033_A 1.62145 0.328722 0.631999 -0.131332 -0.343306 
NA311033_B 2.53706 -0.0389398 0.824577 -0.79908 -0.425219 
NA312018_A 2.12356 0.238053 -1.02128 0.252591 0.139258 
NA312018_B 1.2505 0.0870806 -0.0797441 -0.124897 0.0308468 
NA311032_A 1.90107 0.526456 -0.3523 0.229554 -0.0427972 
NA311032_B 1.26273 0.415414 0.385484 0.113999 -0.13186 
NA311031_A 1.77721 0.112991 -1.15881 0.357097 -0.387971 
NA311031_B 1.71853 0.298372 1.0486 -0.436143 -0.182636 
NA312017_A 1.6167 0.0177013 0.867532 -0.151494 -0.0502246 
NA312017_B 1.66762 0.31581 -0.478381 0.253711 0.201103 
NA311030_A 1.08678 0.28278 0.0864731 0.0807846 -0.086347 
NA311030_B 1.25756 0.409505 -0.931411 0.160314 0.0306883 
NA312016_A 0.999686 0.189829 0.420918 -0.100986 -0.110809 
NA312016_B 2.09159 -0.0462944 1.26072 -0.657594 -0.188476 
NA312015_A 2.0568 0.0933691 1.55975 -0.705642 -0.100246 
NA312015_B 1.86511 0.532026 -0.308301 -0.169092 -0.0132458 
NA312014_A 1.98841 0.264664 -0.315373 0.375515 0.078553 
NA312014_B 2.08797 0.276344 0.99479 -0.46547 -0.00900399 
NA312013_A 2.02091 -0.0126843 -0.505639 -0.225519 0.130544 
NA312013_B 2.60315 -0.0798838 -0.342636 0.18953 -0.00494636 
NA312011_A 1.75743 0.158614 1.3982 -0.15961 -0.24145 
NA312011_B 0.738364 0.421354 -0.782381 0.154968 -0.2981 
NA312010_A 1.53701 0.531901 -2.64068 0.738914 0.458614 
NA312010_B 2.06548 0.36291 0.355996 -0.00211613 0.145678 
NA312009_A 1.54045 0.169056 -0.793049 0.336444 0.275635 
NA312009_B 1.35503 0.282807 0.599972 -0.108866 -0.262977 
NA312008_A 1.85561 0.306223 1.36323 -0.391542 -0.0230545 
NA312008_B 1.26859 0.241272 -1.36597 0.567184 0.262648 
NA312007_A 0.571826 -0.126332 -0.111269 -0.388531 -0.155296 
NA312007_B 1.36299 -0.150615 0.263716 -0.264194 -0.823145 
NA312091_A 2.47612 0.047919 0.0753668 0.0892032 0.065961 
NA312091_B 1.76619 0.326855 1.69212 -0.578218 -0.473166 
NA312090_A 2.11995 0.230102 1.48391 -0.461356 -0.275129 
NA312090_B 1.28192 0.101795 0.54078 0.141967 0.0595076 
NA311016_A 2.13097 0.00781402 0.820643 -0.39007 -0.343438 
NA311016_B 2.85341 -0.0977848 0.351415 -0.0950149 0.0962255 
NA311015_A 1.60517 0.236695 0.879431 -0.0733308 -0.151317 
NA311015_B 0.779797 0.472441 -0.719166 0.677464 0.185482 
NA311014_A 1.61224 0.349701 1.03492 -0.416094 -0.254538 
NA311014_B 2.42378 0.0453661 0.834468 -0.372458 -0.162864 
NA311013_A 1.94815 0.200925 0.576082 0.103487 -0.130612 
NA311013_B 1.88322 0.4914 -0.830905 0.262438 0.0694294 
NA311012_A 2.38122 -0.0433677 1.05713 0.110033 -0.103995 
NA311012_B 2.1383 0.159664 0.566033 -0.589926 -0.049991 
NA311011_A 1.95169 0.298678 0.558078 0.148965 -0.0638634 
NA311011_B 1.66107 0.341987 -0.388794 -0.130375 -0.0662411 
NA311010_A 0.471646 0.17525 -0.424757 -0.126817 -0.25896 
NA311010_B 1.04394 0.57168 0.371183 -0.130339 -0.463456 
NA312089_A 2.31265 0.284381 0.045472 -0.138003 0.383339 
NA312089_B 0.917751 0.115327 -1.38856 0.330661 -0.349506 
NA312088_A 2.47477 0.0854549 0.186161 -0.120373 0.155971 
NA312088_B 1.74797 0.154426 0.145737 0.0793539 0.0223696 
NA322018_A 2.43911 -0.201528 -1.13115 -0.0158268 -0.478454 
NA322018_B 1.44784 0.242392 -1.36552 0.310285 0.254264 
NA321096_A 0.630567 0.319366 -1.98671 0.157952 -0.489283 
NA321096_B 1.94871 0.275491 0.655051 0.0534586 -0.0485753 
NA321095_A 1.85347 0.578096 -0.302713 0.241402 0.0417042 
NA321095_B 2.05727 0.457836 0.777692 -0.0240198 -0.280296 
NA322016_A 1.15865 0.206509 -0.940894 -0.110767 0.414974 
NA322016_B 2.05857 0.088594 1.67811 -0.339145 -0.136905 
NA321094_A 1.87283 0.267114 0.684871 -0.185518 -0.0372076 
NA321094_B 2.39327 0.0191596 1.17987 -0.236089 0.105716 
NA322015_A 2.99685 0.0850578 0.283025 -0.335155 0.0269586 
NA322015_B 2.10936 0.228279 0.399961 0.17326 0.0128849 
NA321093_A 1.94871 0.275491 0.655051 0.0534586 -0.0485753 
NA321093_B 2.22219 0.0645677 1.32605 -0.123838 -0.0907323 
NA322014_A 2.47049 0.405969 0.143901 0.190895 0.102289 
NA322014_B 1.91045 0.101226 -1.0733 -0.030184 0.0538793 
NA321092_A 2.21922 0.0413811 1.42302 -0.219344 -0.0754443 
NA321092_B 2.59375 0.244063 1.1789 -0.338255 0.13366 
NA322013_A 2.05857 0.088594 1.67811 -0.339145 -0.136905 
NA322013_B 2.54981 -0.0146121 -0.257146 -0.0614268 0.210436 
NA321091_A 2.47049 0.405969 0.143901 0.190895 0.102289 
NA321091_B 2.87621 -0.0519965 0.892437 -0.68961 -0.385717 
NA322012_A 2.60114 -0.128817 1.00425 -0.623883 -0.0869966 
NA322012_B 2.23263 0.0663724 1.43496 -0.35589 0.0442561 
NA321090_A 1.98751 0.171956 -0.682739 -0.109197 0.53839 
NA321090_B 2.03951 0.115913 1.38809 -0.35295 -0.0923203 
NA322011_A 0.953587 0.343048 -1.25736 0.523891 0.320386 
NA322011_B 2.10251 -0.0474568 -1.90098 0.524286 0.526967 
NA322010_A 1.80944 0.233886 0.498338 0.0257031 -0.106657 
NA322010_B 2.47477 0.0854549 0.186161 -0.120373 0.155971 
NA321089_A 2.31412 0.132668 0.44125 -0.240174 0.0945113 
NA321089_B 2.23005 -0.00816467 -0.843776 -0.158348 0.172541 
NA322009_A 1.26834 0.411533 -0.260725 0.0675742 0.197267 
NA322009_B 1.9193 0.046989 1.52139 -0.366901 -0.194986 
NA322008_A 1.13493 0.250871 -0.186972 0.220424 0.125828 
NA322008_B 1.98571 0.0300592 0.239999 -0.0309397 0.0897326 
NA322007_A 2.5061 -0.144551 2.10596 -0.533187 0.00209913 
NA322007_B 1.8922 0.0768229 1.04211 -0.933682 0.188109 
NA321021_A 2.3494 0.153791 1.13591 -0.411465 0.23851 
NA321021_B 1.61224 0.349701 1.03492 -0.416094 -0.254538 
NA322006_A 2.76165 -0.100477 0.869102 -0.434216 0.233515 
NA322006_B 2.07833 -0.0609464 1.25248 -0.133029 -0.208249 
NA321020_A 2.50313 -0.167738 2.20293 -0.628693 0.0173872 
NA321020_B 1.01142 0.335906 -0.227188 0.41477 0.0863766 
NA322005_A 2.19933 0.231641 -0.257141 -0.353465 0.0590346 
NA322005_B 1.07485 0.43404 -0.384768 -0.0689322 0.166428 
NA322004_A 2.21648 -0.0215631 -1.86189 0.538702 0.46436 
NA322004_B 1.74797 0.154426 0.145737 0.0793539 0.0223696 
NA322003_A 3.38562 0.0344975 -0.0508166 -0.189631 0.382078 
NA322003_B 0.740965 -0.043802 -1.55525 0.57082 0.240717 
NA322002_A 2.39327 0.0191596 1.17987 -0.236089 0.105716 
NA322002_B 1.12358 0.0790461 -1.82874 0.513119 -0.251365 
NA322001_A 3.26993 -0.469568 1.84727 -1.01861 -0.161082 
NA322001_B 0.917751 0.115327 -1.38856 0.330661 -0.349506 
NA322092_A 1.6971 0.304795 -0.00536371 -0.189667 0.0339264 
NA322092_B 1.6167 0.0177013 0.867532 -0.151494 -0.0502246 
NA322091_A 2.15752 0.262397 0.117899 0.331423 0.0342779 
NA322091_B 1.61627 0.344412 -0.165776 0.272785 0.286777 
NA322090_A 2.12397 0.205395 0.297402 -0.141729 -0.0573532 
NA322090_B 1.28304 -0.455748 -0.482114 -0.145738 0.408543 
NA321018_A 1.17136 0.175473 0.440711 0.0739939 -0.12056 
NA321018_B 1.87664 0.0919364 0.351379 -0.310444 0.0627842 
NA321017_A 1.94871 0.275491 0.655051 0.0534586 -0.0485753 
NA321017_B 2.69321 -0.019544 -0.193572 -0.11906 -0.441805 
NA321015_A 2.56934 -0.0806529 -0.685045 0.00973167 0.361192 
NA321015_B 1.95877 0.0396891 0.262196 -0.232294 0.246679 
NA321014_A 1.7958 0.464387 0.13806 -0.084846 -0.0098932 
NA321014_B 2.23263 0.0663724 1.43496 -0.35589 0.0442561 
NA321013_A 2.67525 0.310358 0.18519 -0.222539 0.183915 
NA321013_B 1.80647 0.2107 0.59531 -0.0698029 -0.0913692 
NA321045_A 1.50748 0.31046 -0.549442 0.241697 0.143926 
NA321045_B 2.28594 0.543427 -0.0715142 0.333954 0.11261 
NA321011_A 2.20015 0.0686997 1.133 -0.233149 -0.0308601 
NA321011_B 0.981214 0.555109 -0.161055 0.433643 -0.294181 
NA321010_A 1.85347 0.578096 -0.302713 0.241402 0.0417042 
NA321010_B 2.43386 0.0253927 0.625294 -0.147007 -0.239184 
NA322089_A 1.66249 0.355763 1.31636 -0.388603 -0.159631 
NA322089_B 2.15696 0.176638 0.350374 0.161412 -0.0716165 
NA322088_A 2.09213 -0.175934 -0.446199 -0.000770169 0.371999 
NA322088_B 1.94871 0.275491 0.655051 0.0534586 -0.0485753 
NA322087_A 1.45175 0.217297 -0.491092 0.321793 0.176651 
NA322087_B 2.22501 -0.104233 0.972527 -0.332935 0.251777 
NA322086_A 2.20015 0.0686997 1.133 -0.233149 -0.0308601 
NA322086_B 2.1383 0.159664 0.566033 -0.589926 -0.049991 
NA322085_A 1.97374 -0.0734168 -0.590169 -0.292237 -0.164087 
NA322085_B 2.48469 0.415744 -1.27734 0.270226 0.228662 
NA321009_A 1.82049 0.250848 0.730246 -0.308141 -0.277579 
NA321009_B 1.07277 0.471791 -0.52137 -0.111537 0.154551 
NA321008_A 0.983135 0.30264 -0.462016 0.165231 -0.808853 
NA321008_B 1.61224 0.349701 1.03492 -0.416094 -0.254538 
NA321007_A 1.06239 0.23141 -1.13401 0.227109 -0.459061 
NA321007_B 2.49339 0.567868 -0.497871 0.402341 0.285474 
NA321006_A 2.51567 0.416901 -0.0411889 0.253552 0.13897 
NA321006_B 0.123554 0.201107 -0.595441 0.238107 -0.600635 
NA321098_A 3.0604 -0.343355 -0.770049 0.0320398 -0.0219192 
NA321098_B 1.7543 -0.0489089 -0.517036 0.14565 -0.571156 
NA321001_A -0.482621 0.517931 -0.845015 -0.459619 0.597237 
NA321001_B 1.89616 0.140582 1.81484 -0.825443 -0.161706 
NA321097_A 1.60517 0.236695 0.879431 -0.0733308 -0.151317 
NA321097_B 2.533 0.245567 0.12545 -0.345801 0.141122 
NA201519_A 2.2356 0.089559 1.33799 -0.260384 0.0289681 
NA201519_B 2.23263 0.0663724 1.43496 -0.35589 0.0442561 
NA201518_A 2.39327 0.0191596 1.17987 -0.236089 0.105716 
NA201518_B 1.3317 0.447619 0.208437 0.103966 -0.10916 
NA201549_A 2.2356 0.089559 1.33799 -0.260384 0.0289681 
NA201549_B 2.3615 -0.0376161 1.50607 -1.0083 0.13725 
NA201516_A 2.01123 0.115089 0.6366 -0.483237 -0.00974282 
NA201516_B 1.61224 0.349701 1.03492 -0.416094 -0.254538 
NA201545_A 2.39327 0.0191596 1.17987 -0.236089 0.105716 
NA201545_B 2.40063 0.293603 1.13203 -0.335315 -0.00291609 
NA201543_A 2.31412 0.132668 0.44125 -0.240174 0.0945113 
NA201543_B 0.981212 0.693871 0.208442 -0.188072 -0.260562 
NA202548_A 2.3915 -0.0519023 1.16234 -0.510038 -0.0689341 
NA202548_B 1.64582 0.257913 0.8504 -0.189604 -0.152829 
NA202576_A 2.60081 0.0463311 0.494352 -0.293697 0.00300842 
NA202576_B 2.39625 0.0423462 1.0829 -0.140583 0.0904283 
NA202545_A 3.07808 -0.133459 0.565762 -0.397566 0.198418 
NA202545_B 2.11672 0.502722 0.352114 0.0740333 -0.0957476 
NA202513_A 1.6488 0.281099 0.753428 -0.0940979 -0.168117 
NA202513_B 1.82667 0.49404 -0.66076 -0.229748 -0.1064 
NA202512_A 1.29534 0.504165 0.850405 -0.481642 -0.304231 
NA202512_B 1.75857 0.348218 0.511202 0.151904 -0.20044 
NA202542_A 2.34546 -0.0973384 2.36105 -0.652988 -0.0593611 
NA202542_B 2.20313 0.0918863 1.03603 -0.137644 -0.0461481 
NA201604_A 1.89616 0.140582 1.81484 -0.825443 -0.161706 
NA201604_B 1.6488 0.281099 0.753428 -0.0940979 -0.168117 
NA202541_A 2.23263 0.0663724 1.43496 -0.35589 0.0442561 
NA202541_B 2.11233 0.251465 0.302989 0.268766 -0.00240317 
NA201529_A 2.1676 0.38839 0.33925 -0.0521679 -0.001965 
NA201529_B 1.29534 0.504165 0.850405 -0.481642 -0.304231 
NA201558_A 2.39625 0.0423462 1.0829 -0.140583 0.0904283 
NA201558_B 2.39625 0.0423462 1.0829 -0.140583 0.0904283 
NA201601_A 1.63206 0.212444 -1.05853 0.458466 0.388806 
NA201601_B 1.232 0.284149 0.661525 -0.772099 0.0520932 
NA201555_A 0.954425 0.405254 -0.261933 -0.156533 0.182183 
NA201555_B 2.35367 -0.166723 1.17817 -0.722733 0.292192 
NA201524_A 1.29534 0.504165 0.850405 -0.481642 -0.304231 
NA201524_B 1.15588 0.474615 0.333219 -0.245785 -0.253663 
NA201523_A 2.2117 0.179804 0.867487 0.00247599 0.100749 
NA201523_B 2.10936 0.228279 0.399961 0.17326 0.0128849 
NA202559_A 2.75868 -0.123664 0.966074 -0.529722 0.248803 
NA202559_B 1.50148 0.337431 1.01546 -0.400991 -0.056055 
NA202528_A 1.3317 0.447619 0.208437 0.103966 -0.10916 
NA202528_B 1.6488 0.281099 0.753428 -0.0940979 -0.168117 
NA201520_A 1.92482 0.365736 0.184546 0.316319 0.0232056 
NA201520_B 2.59375 0.244063 1.1789 -0.338255 0.13366 
NA202553_A 1.3317 0.447619 0.208437 0.103966 -0.10916 
NA202553_B 2.39327 0.0191596 1.17987 -0.236089 0.105716 
NA202522_A 2.39625 0.0423462 1.0829 -0.140583 0.0904283 
NA202522_B 3.02746 -0.120006 0.108272 -0.11176 0.277386 
NA202520_A 1.3317 0.447619 0.208437 0.103966 -0.10916 
NA202520_B 1.89616 0.140582 1.81484 -0.825443 -0.161706 
NA201538_A 1.30483 0.263695 -0.100993 0.353414 0.242692 
NA201538_B 2.4733 0.237169 -0.209617 -0.0182016 0.444799 
NA201569_A 1.61224 0.349701 1.03492 -0.416094 -0.254538 
NA201569_B 2.17188 0.0678762 0.38151 -0.363436 0.0517174 
NA201565_A 2.47477 0.0854549 0.186161 -0.120373 0.155971 
NA201565_B 2.10936 0.228279 0.399961 0.17326 0.0128849 
NA202597_A 1.77289 0.302488 0.779833 -0.296293 -0.193078 
NA202597_B 2.47477 0.0854549 0.186161 -0.120373 0.155971 
