NA112082_A 1 1 1 1 1 1 1 1 1 1 1 1 1 
NA112082_B 1 1 1 1 1 1 1 1 1 1 1 1 1 
NA112081_A 1 1 1 1 1 1 1 1 1 1 1 1 1 
NA112081_B 0 0 0 0 0 0 0 0 0 0 0 0 0 
NA112080_A 0 0 0 0 0 0 0 0 0 0 0 0 0 
NA112080_B 1 1 1 1 1 1 1 1 1 1 1 1 1 
NA111009_A 1 1 1 1 1 1 1 1 1 1 1 1 1 
NA111009_B 1 1 1 1 1 1 1 1 1 1 1 1 1 
NA111008_A 0 0 0 0 0 0 0 0 0 0 0 0 0 
NA111008_B 1 1 1 1 1 1 1 1 1 1 1 1 1 
NA111007_A 0 0 0 0 0 0 0 0 0 0 0 0 0 
NA111007_B 1 1 1 1 1 1 1 1 1 1 1 1 1 
NA111069_A 1 1 1 1 1 1 1 1 1 1 1 1 1 
NA111069_B 1 1 1 1 1 1 1 1 1 1 1 1 1 
NA111004_A 1 1 1 1 1 1 1 1 1 1 1 1 1 
NA111004_B 1 1 1 1 1 1 1 1 1 1 1 1 1 
NA111068_A 1 1 1 1 1 1 1 1 1 1 1 1 1 
NA111068_B 1 1 1 1 1 1 1 1 1 1 1 1 1 
NA111003_A 0 0 0 0 0 0 0 0 0 0 0 0 0 
NA111003_B 1 1 1 1 1 1 1 1 1 1 1 1 1 
NA111067_A 0 0 0 0 0 0 0 0 0 0 0 0 0 
NA111067_B 0 0 0 0 0 0 0 0 0 0 0 0 0 
NA111002_A 1 1 1 1 1 1 1 1 1 1 1 1 1 
NA111002_B 1 1 1 1 1 1 1 1 1 1 1 1 1 
NA111066_A 1 1 1 1 1 1 1 1 1 1 1 1 1 
NA111066_B 1 1 1 1 1 1 1 1 1 1 1 1 1 
NA111064_A 0 0 0 0 0 0 0 0 0 0 0 0 0 
NA111064_B 0 0 0 0 0 0 0 0 0 0 0 0 0 
NA111063_A 0 0 0 0 0 0 0 0 0 0 0 0 0 
NA111063_B 1 1 1 1 1 1 1 1 1 1 1 1 1 
NA111062_A 1 1 1 1 1 1 1 1 1 1 1 1 1 
NA111062_B 1 1 1 1 1 1 1 1 1 1 1 1 1 
NA112079_A 1 1 1 1 1 1 1 1 1 1 1 1 1 
NA112079_B 0 0 0 0 0 0 0 0 0 0 0 0 0 
NA112078_A 0 0 0 0 0 0 0 0 0 0 0 0 0 
NA112078_B 1 1 1 1 1 1 1 1 1 1 1 1 1 
NA112077_A 0 0 0 0 0 0 0 0 0 0 0 0 0 
NA112077_B 1 1 1 1 1 1 1 1 1 1 1 1 1 
NA112076_A 0 0 0 0 0 0 0 0 0 0 0 0 0 
NA112076_B 1 1 1 1 1 1 1 1 1 1 1 1 1 
NA112075_A 0 0 0 0 0 0 0 0 0 0 0 0 0 
NA112075_B 1 1 1 1 1 1 1 1 1 1 1 1 1 
NA112074_A 0 0 0 0 0 0 0 0 0 0 0 0 0 
NA112074_B 1 1 1 1 1 1 1 1 1 1 1 1 1 
NA112073_A 1 1 1 1 1 1 1 1 1 1 1 1 1 
NA112073_B 1 1 1 1 1 1 1 1 1 1 1 1 1 
NA112072_A 1 1 1 1 1 1 1 1 1 1 1 1 1 
NA112072_B 1 1 1 1 1 1 1 1 1 1 1 1 1 
NA112071_A 1 1 1 1 1 1 1 1 1 1 1 1 1 
NA112071_B 0 0 0 0 0 0 0 0 0 0 0 0 0 
NA112070_A 0 0 0 0 0 0 0 0 0 0 0 0 0 
NA112070_B 0 0 0 0 0 0 0 0 0 0 0 0 0 
NA112006_A 0 0 0 0 0 0 0 0 0 0 0 0 0 
NA112006_B 0 0 0 0 0 0 0 0 0 0 0 0 0 
NA112069_A 1 1 1 1 1 1 1 1 1 1 1 1 1 
NA112069_B 1 1 1 1 1 1 1 1 1 1 1 1 1 
NA112005_A 1 1 1 1 1 1 1 1 1 1 1 1 1 
NA112005_B 0 0 0 0 0 0 0 0 0 0 0 0 0 
NA112068_A 1 1 1 1 1 1 1 1 1 1 1 1 1 
NA112068_B 1 1 1 1 1 1 1 1 1 1 1 1 1 
NA112004_A 0 0 0 0 0 0 0 0 0 0 0 0 0 
NA112004_B 0 0 0 0 0 0 0 0 0 0 0 0 0 
NA111081_A 1 1 1 1 1 1 1 1 1 1 1 1 1 
NA111081_B 0 0 0 0 0 0 0 0 0 0 0 0 0 
NA112002_A 1 1 1 1 1 1 1 1 1 1 1 1 1 
NA112002_B 1 1 1 1 1 1 1 1 1 1 1 1 1 
NA112066_A 0 0 0 0 0 0 0 0 0 0 0 0 0 
NA112066_B 1 1 1 1 1 1 1 1 1 1 1 1 1 
NA111080_A 1 1 1 1 1 1 1 1 1 1 1 1 1 
NA111080_B 1 1 1 1 1 1 1 1 1 1 1 1 1 
NA112001_A 1 1 1 1 1 1 1 1 1 1 1 1 1 
NA112001_B 1 1 1 1 1 1 1 1 1 1 1 1 1 
NA112064_A 1 1 1 1 1 1 1 1 1 1 1 1 1 
NA112064_B 1 1 1 1 1 1 1 1 1 1 1 1 1 
NA112063_A 1 1 1 1 1 1 1 1 1 1 1 1 1 
NA112063_B 1 1 1 1 1 1 1 1 1 1 1 1 1 
NA112062_A 1 1 1 1 1 1 1 1 1 1 1 1 1 
NA112062_B 0 0 0 0 0 0 0 0 0 0 0 0 0 
NA112061_A 1 1 1 1 1 1 1 1 1 1 1 1 1 
NA112061_B 1 1 1 1 1 1 1 1 1 1 1 1 1 
NA112060_A 1 1 1 1 1 1 1 1 1 1 1 1 1 
NA112060_B 1 1 1 1 1 1 1 1 1 1 1 1 1 
NA111079_A 1 1 1 1 1 1 1 1 1 1 1 1 1 
NA111079_B 0 0 0 0 0 0 0 0 0 0 0 0 0 
NA111078_A 1 1 1 1 1 1 1 1 1 1 1 1 1 
NA111078_B 1 1 1 1 1 1 1 1 1 1 1 1 1 
NA111077_A 0 0 0 0 0 0 0 0 0 0 0 0 0 
NA111077_B 1 1 1 1 1 1 1 1 1 1 1 1 1 
NA111076_A 1 1 1 1 1 1 1 1 1 1 1 1 1 
NA111076_B 0 0 0 0 0 0 0 0 0 0 0 0 0 
NA111010_A 1 1 1 1 1 1 1 1 1 1 1 1 1 
NA111010_B 0 0 0 0 0 0 0 0 0 0 0 0 0 
NA111073_A 1 1 1 1 1 1 1 1 1 1 1 1 1 
NA111073_B 0 0 0 0 0 0 0 0 0 0 0 0 0 
NA111072_A 0 0 0 0 0 0 0 0 0 0 0 0 0 
NA111072_B 0 0 0 0 0 0 0 0 0 0 0 0 0 
NA111071_A 1 1 1 1 1 1 1 1 1 1 1 1 1 
NA111071_B 0 0 0 0 0 0 0 0 0 0 0 0 0 
NA111070_A 0 0 0 0 0 0 0 0 0 0 0 0 0 
NA111070_B 1 1 1 1 1 1 1 1 1 1 1 1 1 
NA122079_A 1 1 1 1 1 1 1 1 1 1 1 1 1 
NA122079_B 1 1 1 1 1 1 1 1 1 1 1 1 1 
NA122078_A 1 1 1 1 1 1 1 1 1 1 1 1 1 
NA122078_B 1 1 1 1 1 1 1 1 1 1 1 1 1 
NA122077_A 1 1 1 1 1 1 1 1 1 1 1 1 1 
NA122077_B 1 1 1 1 1 1 1 1 1 1 1 1 1 
NA122076_A 0 0 0 0 0 0 0 0 0 0 0 0 0 
NA122076_B 0 0 0 0 0 0 0 0 0 0 0 0 0 
NA122075_A 1 1 1 1 1 1 1 1 1 1 1 1 1 
NA122075_B 1 1 1 1 1 1 1 1 1 1 1 1 1 
NA122074_A 0 0 0 0 0 0 0 0 0 0 0 0 0 
NA122074_B 1 1 1 1 1 1 1 1 1 1 1 1 1 
NA122073_A 0 0 0 0 0 0 0 0 0 0 0 0 0 
NA122073_B 1 1 1 1 1 1 1 1 1 1 1 1 1 
NA122072_A 1 1 1 1 1 1 1 1 1 1 1 1 1 
NA122072_B 0 0 0 0 0 0 0 0 0 0 0 0 0 
NA121084_A 0 0 0 0 0 0 0 0 0 0 0 0 0 
NA121084_B 2 2 2 2 2 2 2 2 2 2 2 2 2 
NA121083_A 1 1 1 1 1 1 1 1 1 1 1 1 1 
NA121083_B 1 1 1 1 1 1 1 1 1 1 1 1 1 
NA121050_A 1 1 1 1 1 1 1 1 1 1 1 1 1 
NA121050_B 1 1 1 1 1 1 1 1 1 1 1 1 1 
NA121082_A 1 1 1 1 1 1 1 1 1 1 1 1 1 
NA121082_B 0 0 0 0 0 0 0 0 0 0 0 0 0 
NA122061_A 1 1 1 1 1 1 1 1 1 1 1 1 1 
NA122061_B 1 1 1 1 1 1 1 1 1 1 1 1 1 
NA122060_A 1 1 1 1 1 1 1 1 1 1 1 1 1 
NA122060_B 1 1 1 1 1 1 1 1 1 1 1 1 1 
NA121079_A 0 0 0 0 0 0 0 0 0 0 0 0 0 
NA121079_B 1 1 1 1 1 1 1 1 1 1 1 1 1 
NA121078_A 1 1 1 1 1 1 1 1 1 1 1 1 1 
NA121078_B 1 1 1 1 1 1 1 1 1 1 1 1 1 
NA121077_A 1 1 1 1 1 1 1 1 1 1 1 1 1 
NA121077_B 1 1 1 1 1 1 1 1 1 1 1 1 1 
NA121044_A 1 1 1 1 1 1 1 1 1 1 1 1 1 
NA121044_B 1 1 1 1 1 1 1 1 1 1 1 1 1 
NA121076_A 1 1 1 1 1 1 1 1 1 1 1 1 1 
NA121076_B 0 0 0 0 0 0 0 0 0 0 0 0 0 
NA121043_A 1 1 1 1 1 1 1 1 1 1 1 1 1 
NA121043_B 1 1 1 1 1 1 1 1 1 1 1 1 1 
NA121042_A 0 0 0 0 0 0 0 0 0 0 0 0 0 
NA121042_B 1 1 1 1 1 1 1 1 1 1 1 1 1 
NA121074_A 0 0 0 0 0 0 0 0 0 0 0 0 0 
NA121074_B 1 1 1 1 1 1 1 1 1 1 1 1 1 
NA122059_A 0 0 0 0 0 0 0 0 0 0 0 0 0 
NA122059_B 1 1 1 1 1 1 1 1 1 1 1 1 1 
NA121041_A 1 1 1 1 1 1 1 1 1 1 1 1 1 
NA121041_B 0 0 0 0 0 0 0 0 0 0 0 0 0 
NA121073_A 1 1 1 1 1 1 1 1 1 1 1 1 1 
NA121073_B 0 0 0 0 0 0 0 0 0 0 0 0 0 
NA121040_A 1 1 1 1 1 1 1 1 1 1 1 1 1 
NA121040_B 1 1 1 1 1 1 1 1 1 1 1 1 1 
NA122056_A 0 0 0 0 0 0 0 0 0 0 0 0 0 
NA122056_B 1 1 1 1 1 1 1 1 1 1 1 1 1 
NA121070_A 1 1 1 1 1 1 1 1 1 1 1 1 1 
NA121070_B 1 1 1 1 1 1 1 1 1 1 1 1 1 
NA122055_A 0 0 0 0 0 0 0 0 0 0 0 0 0 
NA122055_B 0 0 0 0 0 0 0 0 0 0 0 0 0 
NA122054_A 0 0 0 0 0 0 0 0 0 0 0 0 0 
NA122054_B 1 1 1 1 1 1 1 1 1 1 1 1 1 
NA122085_A 1 1 1 1 1 1 1 1 1 1 1 1 1 
NA122085_B 1 1 1 1 1 1 1 1 1 1 1 1 1 
NA122021_A 0 0 0 0 0 0 0 0 0 0 0 0 0 
NA122021_B 0 0 0 0 0 0 0 0 0 0 0 0 0 
NA122053_A 0 0 0 0 0 0 0 0 0 0 0 0 0 
NA122053_B 1 1 1 1 1 1 1 1 1 1 1 1 1 
NA122084_A 0 0 0 0 0 0 0 0 0 0 0 0 0 
NA122084_B 1 1 1 1 1 1 1 1 1 1 1 1 1 
NA122020_A 1 1 1 1 1 1 1 1 1 1 1 1 1 
NA122020_B 2 2 2 2 2 2 2 2 2 2 2 2 2 
NA122052_A 1 1 1 1 1 1 1 1 1 1 1 1 1 
NA122052_B 1 1 1 1 1 1 1 1 1 1 1 1 1 
NA122083_A 1 1 1 1 1 1 1 1 1 1 1 1 1 
NA122083_B 0 0 0 0 0 0 0 0 0 0 0 0 0 
NA122051_A 1 1 1 1 1 1 1 1 1 1 1 1 1 
NA122051_B 1 1 1 1 1 1 1 1 1 1 1 1 1 
NA122050_A 1 1 1 1 1 1 1 1 1 1 1 1 1 
NA122050_B 0 0 0 0 0 0 0 0 0 0 0 0 0 
NA122081_A 1 1 1 1 1 1 1 1 1 1 1 1 1 
NA122081_B 1 1 1 1 1 1 1 1 1 1 1 1 1 
NA122080_A 0 0 0 0 0 0 0 0 0 0 0 0 0 
NA122080_B 1 1 1 1 1 1 1 1 1 1 1 1 1 
NA121039_A 1 1 1 1 1 1 1 1 1 1 1 1 1 
NA121039_B 1 1 1 1 1 1 1 1 1 1 1 1 1 
NA121038_A 1 1 1 1 1 1 1 1 1 1 1 1 1 
NA121038_B 0 0 0 0 0 0 0 0 0 0 0 0 0 
NA121068_A 1 1 1 1 1 1 1 1 1 1 1 1 1 
NA121068_B 1 1 1 1 1 1 1 1 1 1 1 1 1 
NA121066_A 0 0 0 0 0 0 0 0 0 0 0 0 0 
NA121066_B 1 1 1 1 1 1 1 1 1 1 1 1 1 
NA121065_A 0 0 0 0 0 0 0 0 0 0 0 0 0 
NA121065_B 0 0 0 0 0 0 0 0 0 0 0 0 0 
NA121064_A 1 1 1 1 1 1 1 1 1 1 1 1 1 
NA121064_B 1 1 1 1 1 1 1 1 1 1 1 1 1 
NA122049_A 1 1 1 1 1 1 1 1 1 1 1 1 1 
NA122049_B 1 1 1 1 1 1 1 1 1 1 1 1 1 
NA122048_A 1 1 1 1 1 1 1 1 1 1 1 1 1 
NA122048_B 1 1 1 1 1 1 1 1 1 1 1 1 1 
NA121062_A 0 0 0 0 0 0 0 0 0 0 0 0 0 
NA121062_B 0 0 0 0 0 0 0 0 0 0 0 0 0 
NA261016_A 0 0 0 0 0 0 0 0 0 0 0 0 0 
NA261016_B 1 1 1 1 1 1 1 1 1 1 1 1 1 
NA261015_A 0 0 0 0 0 0 0 0 0 0 0 0 0 
NA261015_B 0 0 0 0 0 0 0 0 0 0 0 0 0 
NA261013_A 1 1 1 1 1 1 1 1 1 1 1 1 1 
NA261013_B 1 1 1 1 1 1 1 1 1 1 1 1 1 
NA261012_A 0 0 0 0 0 0 0 0 0 0 0 0 0 
NA261012_B 1 1 1 1 1 1 1 1 1 1 1 1 1 
NA261011_A 1 1 1 1 1 1 1 1 1 1 1 1 1 
NA261011_B 1 1 1 1 1 1 1 1 1 1 1 1 1 
NA262059_A 0 0 0 0 0 0 0 0 0 0 0 0 0 
NA262059_B 0 0 0 0 0 0 0 0 0 0 0 0 0 
NA261071_A 1 1 1 1 1 1 1 1 1 1 1 1 1 
NA261071_B 1 1 1 1 1 1 1 1 1 1 1 1 1 
NA261070_A 0 0 0 0 0 0 0 0 0 0 0 0 0 
NA261070_B 1 1 1 1 1 1 1 1 1 1 1 1 1 
NA262081_A 1 1 1 1 1 1 1 1 1 1 1 1 1 
NA262081_B 1 1 1 1 1 1 1 1 1 1 1 1 1 
NA262080_A 1 1 1 1 1 1 1 1 1 1 1 1 1 
NA262080_B 1 1 1 1 1 1 1 1 1 1 1 1 1 
NA261068_A 0 0 0 0 0 0 0 0 0 0 0 0 0 
NA261068_B 0 0 0 0 0 0 0 0 0 0 0 0 0 
NA261067_A 0 0 0 0 0 0 0 0 0 0 0 0 0 
NA261067_B 1 1 1 1 1 1 1 1 1 1 1 1 1 
NA261066_A 0 0 0 0 0 0 0 0 0 0 0 0 0 
NA261066_B 1 1 1 1 1 1 1 1 1 1 1 1 1 
NA261065_A 1 1 1 1 1 1 1 1 1 1 1 1 1 
NA261065_B 1 1 1 1 1 1 1 1 1 1 1 1 1 
NA261064_A 1 1 1 1 1 1 1 1 1 1 1 1 1 
NA261064_B 1 1 1 1 1 1 1 1 1 1 1 1 1 
NA261063_A 1 1 1 1 1 1 1 1 1 1 1 1 1 
NA261063_B 0 0 0 0 0 0 0 0 0 0 0 0 0 
NA261062_A 1 1 1 1 1 1 1 1 1 1 1 1 1 
NA261062_B 1 1 1 1 1 1 1 1 1 1 1 1 1 
NA262048_A 0 0 0 0 0 0 0 0 0 0 0 0 0 
NA262048_B 1 1 1 1 1 1 1 1 1 1 1 1 1 
NA262079_A 1 1 1 1 1 1 1 1 1 1 1 1 1 
NA262079_B 1 1 1 1 1 1 1 1 1 1 1 1 1 
NA261061_A 1 1 1 1 1 1 1 1 1 1 1 1 1 
NA261061_B 1 1 1 1 1 1 1 1 1 1 1 1 1 
NA262078_A 1 1 1 1 1 1 1 1 1 1 1 1 1 
NA262078_B 1 1 1 1 1 1 1 1 1 1 1 1 1 
NA262077_A 0 0 0 0 0 0 0 0 0 0 0 0 0 
NA262077_B 0 0 0 0 0 0 0 0 0 0 0 0 0 
NA262076_A 1 1 1 1 1 1 1 1 1 1 1 1 1 
NA262076_B 1 1 1 1 1 1 1 1 1 1 1 1 1 
NA262074_A 1 1 1 1 1 1 1 1 1 1 1 1 1 
NA262074_B 1 1 1 1 1 1 1 1 1 1 1 1 1 
NA262070_A 1 1 1 1 1 1 1 1 1 1 1 1 1 
NA262070_B 1 1 1 1 1 1 1 1 1 1 1 1 1 
NA261028_A 0 0 0 0 0 0 0 0 0 0 0 0 0 
NA261028_B 1 1 1 1 1 1 1 1 1 1 1 1 1 
NA261027_A 1 1 1 1 1 1 1 1 1 1 1 1 1 
NA261027_B 1 1 1 1 1 1 1 1 1 1 1 1 1 
NA261026_A 0 0 0 0 0 0 0 0 0 0 0 0 0 
NA261026_B 1 1 1 1 1 1 1 1 1 1 1 1 1 
NA262100_A 1 1 1 1 1 1 1 1 1 1 1 1 1 
NA262100_B 1 1 1 1 1 1 1 1 1 1 1 1 1 
NA261024_A 1 1 1 1 1 1 1 1 1 1 1 1 1 
NA261024_B 1 1 1 1 1 1 1 1 1 1 1 1 1 
NA262009_A 1 1 1 1 1 1 1 1 1 1 1 1 1 
NA262009_B 1 1 1 1 1 1 1 1 1 1 1 1 1 
NA261023_A 1 1 1 1 1 1 1 1 1 1 1 1 1 
NA261023_B 1 1 1 1 1 1 1 1 1 1 1 1 1 
NA262008_A 1 1 1 1 1 1 1 1 1 1 1 1 1 
NA262008_B 1 1 1 1 1 1 1 1 1 1 1 1 1 
NA261022_A 1 1 1 1 1 1 1 1 1 1 1 1 1 
NA261022_B 0 0 0 0 0 0 0 0 0 0 0 0 0 
NA262007_A 1 1 1 1 1 1 1 1 1 1 1 1 1 
NA262007_B 1 1 1 1 1 1 1 1 1 1 1 1 1 
NA261021_A 1 1 1 1 1 1 1 1 1 1 1 1 1 
NA261021_B 1 1 1 1 1 1 1 1 1 1 1 1 1 
NA262006_A 0 0 0 0 0 0 0 0 0 0 0 0 0 
NA262006_B 1 1 1 1 1 1 1 1 1 1 1 1 1 
NA262069_A 0 0 0 0 0 0 0 0 0 0 0 0 0 
NA262069_B 1 1 1 1 1 1 1 1 1 1 1 1 1 
NA262004_A 0 0 0 0 0 0 0 0 0 0 0 0 0 
NA262004_B 1 1 1 1 1 1 1 1 1 1 1 1 1 
NA262099_A 0 0 0 0 0 0 0 0 0 0 0 0 0 
NA262099_B 1 1 1 1 1 1 1 1 1 1 1 1 1 
NA262003_A 1 1 1 1 1 1 1 1 1 1 1 1 1 
NA262003_B 0 0 0 0 0 0 0 0 0 0 0 0 0 
NA262002_A 1 1 1 1 1 1 1 1 1 1 1 1 1 
NA262002_B 1 1 1 1 1 1 1 1 1 1 1 1 1 
NA262065_A 1 1 1 1 1 1 1 1 1 1 1 1 1 
NA262065_B 0 0 0 0 0 0 0 0 0 0 0 0 0 
NA262001_A 1 1 1 1 1 1 1 1 1 1 1 1 1 
NA262001_B 1 1 1 1 1 1 1 1 1 1 1 1 1 
NA262063_A 1 1 1 1 1 1 1 1 1 1 1 1 1 
NA262063_B 1 1 1 1 1 1 1 1 1 1 1 1 1 
NA262062_A 1 1 1 1 1 1 1 1 1 1 1 1 1 
NA262062_B 1 1 1 1 1 1 1 1 1 1 1 1 1 
NA262061_A 0 0 0 0 0 0 0 0 0 0 0 0 0 
NA262061_B 1 1 1 1 1 1 1 1 1 1 1 1 1 
NA261019_A 1 1 1 1 1 1 1 1 1 1 1 1 1 
NA261019_B 0 0 0 0 0 0 0 0 0 0 0 0 0 
NA261018_A 1 1 1 1 1 1 1 1 1 1 1 1 1 
NA261018_B 0 0 0 0 0 0 0 0 0 0 0 0 0 
NA261017_A 0 0 0 0 0 0 0 0 0 0 0 0 0 
NA261017_B 0 0 0 0 0 0 0 0 0 0 0 0 0 
NA301049_A 1 1 1 1 1 1 1 1 1 1 1 1 1 
NA301049_B 0 0 0 0 0 0 0 0 0 0 0 0 0 
NA301016_A 0 0 0 0 0 0 0 0 0 0 0 0 0 
NA301016_B 1 1 1 1 1 1 1 1 1 1 1 1 1 
NA301048_A 1 1 1 1 1 1 1 1 1 1 1 1 1 
NA301048_B 1 1 1 1 1 1 1 1 1 1 1 1 1 
NA301015_A 1 1 1 1 1 1 1 1 1 1 1 1 1 
NA301015_B 0 0 0 0 0 0 0 0 0 0 0 0 0 
NA301047_A 0 0 0 0 0 0 0 0 0 0 0 0 0 
NA301047_B 1 1 1 1 1 1 1 1 1 1 1 1 1 
NA301014_A 0 0 0 0 0 0 0 0 0 0 0 0 0 
NA301014_B 1 1 1 1 1 1 1 1 1 1 1 1 1 
NA301046_A 1 1 1 1 1 1 1 1 1 1 1 1 1 
NA301046_B 1 1 1 1 1 1 1 1 1 1 1 1 1 
NA301013_A 2 2 2 2 2 2 2 2 2 2 2 2 2 
NA301013_B 0 0 0 0 0 0 0 0 0 0 0 0 0 
NA301012_A 1 1 1 1 1 1 1 1 1 1 1 1 1 
NA301012_B 1 1 1 1 1 1 1 1 1 1 1 1 1 
NA302029_A 1 1 1 1 1 1 1 1 1 1 1 1 1 
NA302029_B 1 1 1 1 1 1 1 1 1 1 1 1 1 
NA302028_A 1 1 1 1 1 1 1 1 1 1 1 1 1 
NA302028_B 1 1 1 1 1 1 1 1 1 1 1 1 1 
NA301010_A 1 1 1 1 1 1 1 1 1 1 1 1 1 
NA301010_B 0 0 0 0 0 0 0 0 0 0 0 0 0 
NA302027_A 1 1 1 1 1 1 1 1 1 1 1 1 1 
NA302027_B 0 0 0 0 0 0 0 0 0 0 0 0 0 
NA302026_A 1 1 1 1 1 1 1 1 1 1 1 1 1 
NA302026_B 0 0 0 0 0 0 0 0 0 0 0 0 0 
NA302025_A 1 1 1 1 1 1 1 1 1 1 1 1 1 
NA302025_B 1 1 1 1 1 1 1 1 1 1 1 1 1 
NA302024_A 1 1 1 1 1 1 1 1 1 1 1 1 1 
NA302024_B 0 0 0 0 0 0 0 0 0 0 0 0 0 
NA302023_A 1 1 1 1 1 1 1 1 1 1 1 1 1 
NA302023_B 1 1 1 1 1 1 1 1 1 1 1 1 1 
NA302022_A 1 1 1 1 1 1 1 1 1 1 1 1 1 
NA302022_B 1 1 1 1 1 1 1 1 1 1 1 1 1 
NA302021_A 1 1 1 1 1 1 1 1 1 1 1 1 1 
NA302021_B 1 1 1 1 1 1 1 1 1 1 1 1 1 
NA302020_A 0 0 0 0 0 0 0 0 0 0 0 0 0 
NA302020_B 1 1 1 1 1 1 1 1 1 1 1 1 1 
NA301009_A 1 1 1 1 1 1 1 1 1 1 1 1 1 
NA301009_B 0 0 0 0 0 0 0 0 0 0 0 0 0 
NA301008_A 1 1 1 1 1 1 1 1 1 1 1 1 1 
NA301008_B 0 0 0 0 0 0 0 0 0 0 0 0 0 
NA301007_A 1 1 1 1 1 1 1 1 1 1 1 1 1 
NA301007_B 1 1 1 1 1 1 1 1 1 1 1 1 1 
NA301005_A 1 1 1 1 1 1 1 1 1 1 1 1 1 
NA301005_B 0 0 0 0 0 0 0 0 0 0 0 0 0 
NA301004_A 0 0 0 0 0 0 0 0 0 0 0 0 0 
NA301004_B 1 1 1 1 1 1 1 1 1 1 1 1 1 
NA301002_A 1 1 1 1 1 1 1 1 1 1 1 1 1 
NA301002_B 1 1 1 1 1 1 1 1 1 1 1 1 1 
NA302019_A 1 1 1 1 1 1 1 1 1 1 1 1 1 
NA302019_B 0 0 0 0 0 0 0 0 0 0 0 0 0 
NA301001_A 1 1 1 1 1 1 1 1 1 1 1 1 1 
NA301001_B 1 1 1 1 1 1 1 1 1 1 1 1 1 
NA302018_A 1 1 1 1 1 1 1 1 1 1 1 1 1 
NA302018_B 1 1 1 1 1 1 1 1 1 1 1 1 1 
NA302017_A 0 0 0 0 0 0 0 0 0 0 0 0 0 
NA302017_B 1 1 1 1 1 1 1 1 1 1 1 1 1 
NA301095_A 0 0 0 0 0 0 0 0 0 0 0 0 0 
NA301095_B 0 0 0 0 0 0 0 0 0 0 0 0 0 
NA302015_A 1 1 1 1 1 1 1 1 1 1 1 1 1 
NA302015_B 1 1 1 1 1 1 1 1 1 1 1 1 1 
NA302014_A 0 0 0 0 0 0 0 0 0 0 0 0 0 
NA302014_B 1 1 1 1 1 1 1 1 1 1 1 1 1 
NA302013_A 0 0 0 0 0 0 0 0 0 0 0 0 0 
NA302013_B 1 1 1 1 1 1 1 1 1 1 1 1 1 
NA302012_A 0 0 0 0 0 0 0 0 0 0 0 0 0 
NA302012_B 1 1 1 1 1 1 1 1 1 1 1 1 1 
NA302010_A 1 1 1 1 1 1 1 1 1 1 1 1 1 
NA302010_B 0 0 0 0 0 0 0 0 0 0 0 0 0 
NA301055_A 1 1 1 1 1 1 1 1 1 1 1 1 1 
NA301055_B 0 0 0 0 0 0 0 0 0 0 0 0 0 
NA302009_A 1 1 1 1 1 1 1 1 1 1 1 1 1 
NA302009_B 0 0 0 0 0 0 0 0 0 0 0 0 0 
NA301054_A 1 1 1 1 1 1 1 1 1 1 1 1 1 
NA301054_B 0 0 0 0 0 0 0 0 0 0 0 0 0 
NA301053_A 0 0 0 0 0 0 0 0 0 0 0 0 0 
NA301053_B 1 1 1 1 1 1 1 1 1 1 1 1 1 
NA301052_A 0 0 0 0 0 0 0 0 0 0 0 0 0 
NA301052_B 0 0 0 0 0 0 0 0 0 0 0 0 0 
NA302006_A 1 1 1 1 1 1 1 1 1 1 1 1 1 
NA302006_B 1 1 1 1 1 1 1 1 1 1 1 1 1 
NA301051_A 1 1 1 1 1 1 1 1 1 1 1 1 1 
NA301051_B 1 1 1 1 1 1 1 1 1 1 1 1 1 
NA302005_A 1 1 1 1 1 1 1 1 1 1 1 1 1 
NA302005_B 0 0 0 0 0 0 0 0 0 0 0 0 0 
NA301050_A 0 0 0 0 0 0 0 0 0 0 0 0 0 
NA301050_B 1 1 1 1 1 1 1 1 1 1 1 1 1 
NA302004_A 0 0 0 0 0 0 0 0 0 0 0 0 0 
NA302004_B 0 0 0 0 0 0 0 0 0 0 0 0 0 
NA302003_A 1 1 1 1 1 1 1 1 1 1 1 1 1 
NA302003_B 1 1 1 1 1 1 1 1 1 1 1 1 1 
NA302001_A 1 1 1 1 1 1 1 1 1 1 1 1 1 
NA302001_B 1 1 1 1 1 1 1 1 1 1 1 1 1 
NA302032_A 1 1 1 1 1 1 1 1 1 1 1 1 1 
NA302032_B 0 0 0 0 0 0 0 0 0 0 0 0 0 
NA302031_A 0 0 0 0 0 0 0 0 0 0 0 0 0 
NA302031_B 0 0 0 0 0 0 0 0 0 0 0 0 0 
NA312087_A 1 1 1 1 1 1 1 1 1 1 1 1 1 
NA312087_B 0 0 0 0 0 0 0 0 0 0 0 0 0 
NA312023_A 2 2 2 2 2 2 2 2 2 2 2 2 2 
NA312023_B 1 1 1 1 1 1 1 1 1 1 1 1 1 
NA312086_A 1 1 1 1 1 1 1 1 1 1 1 1 1 
NA312086_B 1 1 1 1 1 1 1 1 1 1 1 1 1 
NA312022_A 0 0 0 0 0 0 0 0 0 0 0 0 0 
NA312022_B 0 0 0 0 0 0 0 0 0 0 0 0 0 
NA312021_A 1 1 1 1 1 1 1 1 1 1 1 1 1 
NA312021_B 1 1 1 1 1 1 1 1 1 1 1 1 1 
NA312084_A 0 0 0 0 0 0 0 0 0 0 0 0 0 
NA312084_B 1 1 1 1 1 1 1 1 1 1 1 1 1 
NA312020_A 1 1 1 1 1 1 1 1 1 1 1 1 1 
NA312020_B 1 1 1 1 1 1 1 1 1 1 1 1 1 
NA312083_A 1 1 1 1 1 1 1 1 1 1 1 1 1 
NA312083_B 0 0 0 0 0 0 0 0 0 0 0 0 0 
NA312082_A 1 1 1 1 1 1 1 1 1 1 1 1 1 
NA312082_B 0 0 0 0 0 0 0 0 0 0 0 0 0 
NA311009_A 1 1 1 1 1 1 1 1 1 1 1 1 1 
NA311009_B 0 0 0 0 0 0 0 0 0 0 0 0 0 
NA311008_A 0 0 0 0 0 0 0 0 0 0 0 0 0 
NA311008_B 1 1 1 1 1 1 1 1 1 1 1 1 1 
NA311007_A 1 1 1 1 1 1 1 1 1 1 1 1 1 
NA311007_B 0 0 0 0 0 0 0 0 0 0 0 0 0 
NA311039_A 1 1 1 1 1 1 1 1 1 1 1 1 1 
NA311039_B 1 1 1 1 1 1 1 1 1 1 1 1 1 
NA311006_A 1 1 1 1 1 1 1 1 1 1 1 1 1 
NA311006_B 1 1 1 1 1 1 1 1 1 1 1 1 1 
NA311038_A 1 1 1 1 1 1 1 1 1 1 1 1 1 
NA311038_B 1 1 1 1 1 1 1 1 1 1 1 1 1 
NA311005_A 0 0 0 0 0 0 0 0 0 0 0 0 0 
NA311005_B 0 0 0 0 0 0 0 0 0 0 0 0 0 
NA311037_A 0 0 0 0 0 0 0 0 0 0 0 0 0 
NA311037_B 1 1 1 1 1 1 1 1 1 1 1 1 1 
NA311004_A 1 1 1 1 1 1 1 1 1 1 1 1 1 
NA311004_B 1 1 1 1 1 1 1 1 1 1 1 1 1 
NA311036_A 1 1 1 1 1 1 1 1 1 1 1 1 1 
NA311036_B 0 0 0 0 0 0 0 0 0 0 0 0 0 
NA311003_A 0 0 0 0 0 0 0 0 0 0 0 0 0 
NA311003_B 0 0 0 0 0 0 0 0 0 0 0 0 0 
NA311035_A 1 1 1 1 1 1 1 1 1 1 1 1 1 
NA311035_B 1 1 1 1 1 1 1 1 1 1 1 1 1 
NA311002_A 1 1 1 1 1 1 1 1 1 1 1 1 1 
NA311002_B 1 1 1 1 1 1 1 1 1 1 1 1 1 
NA311034_A 1 1 1 1 1 1 1 1 1 1 1 1 1 
NA311034_B 0 0 0 0 0 0 0 0 0 0 0 0 0 
NA312019_A 1 1 1 1 1 1 1 1 1 1 1 1 1 
NA312019_B 1 1 1 1 1 1 1 1 1 1 1 1 1 
NA311033_A 0 0 0 0 0 0 0 0 0 0 0 0 0 
NA311033_B 0 0 0 0 0 0 0 0 0 0 0 0 0 
NA312018_A 1 1 1 1 1 1 1 1 1 1 1 1 1 
NA312018_B 1 1 1 1 1 1 1 1 1 1 1 1 1 
NA311032_A 1 1 1 1 1 1 1 1 1 1 1 1 1 
NA311032_B 1 1 1 1 1 1 1 1 1 1 1 1 1 
NA311031_A 0 0 0 0 0 0 0 0 0 0 0 0 0 
NA311031_B 0 0 0 0 0 0 0 0 0 0 0 0 0 
NA312017_A 1 1 1 1 1 1 1 1 1 1 1 1 1 
NA312017_B 1 1 1 1 1 1 1 1 1 1 1 1 1 
NA311030_A 1 1 1 1 1 1 1 1 1 1 1 1 1 
NA311030_B 1 1 1 1 1 1 1 1 1 1 1 1 1 
NA312016_A 1 1 1 1 1 1 1 1 1 1 1 1 1 
NA312016_B 0 0 0 0 0 0 0 0 0 0 0 0 0 
NA312015_A 0 0 0 0 0 0 0 0 0 0 0 0 0 
NA312015_B 1 1 1 1 1 1 1 1 1 1 1 1 1 
NA312014_A 1 1 1 1 1 1 1 1 1 1 1 1 1 
NA312014_B 1 1 1 1 1 1 1 1 1 1 1 1 1 
NA312013_A 0 0 0 0 0 0 0 0 0 0 0 0 0 
NA312013_B 0 0 0 0 0 0 0 0 0 0 0 0 0 
NA312011_A 0 0 0 0 0 0 0 0 0 0 0 0 0 
NA312011_B 1 1 1 1 1 1 1 1 1 1 1 1 1 
NA312010_A 1 1 1 1 1 1 1 1 1 1 1 1 1 
NA312010_B 1 1 1 1 1 1 1 1 1 1 1 1 1 
NA312009_A 1 1 1 1 1 1 1 1 1 1 1 1 1 
NA312009_B 1 1 1 1 1 1 1 1 1 1 1 1 1 
NA312008_A 1 1 1 1 1 1 1 1 1 1 1 1 1 
NA312008_B 1 1 1 1 1 1 1 1 1 1 1 1 1 
NA312007_A 1 1 1 1 1 1 1 1 1 1 1 1 1 
NA312007_B 1 1 1 1 1 1 1 1 1 1 1 1 1 
NA312091_A 1 1 1 1 1 1 1 1 1 1 1 1 1 
NA312091_B 0 0 0 0 0 0 0 0 0 0 0 0 0 
NA312090_A 0 0 0 0 0 0 0 0 0 0 0 0 0 
NA312090_B 1 1 1 1 1 1 1 1 1 1 1 1 1 
NA311016_A 0 0 0 0 0 0 0 0 0 0 0 0 0 
NA311016_B 0 0 0 0 0 0 0 0 0 0 0 0 0 
NA311015_A 0 0 0 0 0 0 0 0 0 0 0 0 0 
NA311015_B 1 1 1 1 1 1 1 1 1 1 1 1 1 
NA311014_A 0 0 0 0 0 0 0 0 0 0 0 0 0 
NA311014_B 0 0 0 0 0 0 0 0 0 0 0 0 0 
NA311013_A 0 0 0 0 0 0 0 0 0 0 0 0 0 
NA311013_B 1 1 1 1 1 1 1 1 1 1 1 1 1 
NA311012_A 0 0 0 0 0 0 0 0 0 0 0 0 0 
NA311012_B 0 0 0 0 0 0 0 0 0 0 0 0 0 
NA311011_A 1 1 1 1 1 1 1 1 1 1 1 1 1 
NA311011_B 1 1 1 1 1 1 1 1 1 1 1 1 1 
NA311010_A 1 1 1 1 1 1 1 1 1 1 1 1 1 
NA311010_B 1 1 1 1 1 1 1 1 1 1 1 1 1 
NA312089_A 0 0 0 0 0 0 0 0 0 0 0 0 0 
NA312089_B 1 1 1 1 1 1 1 1 1 1 1 1 1 
NA312088_A 1 1 1 1 1 1 1 1 1 1 1 1 1 
NA312088_B 0 0 0 0 0 0 0 0 0 0 0 0 0 
NA322018_A 0 0 0 0 0 0 0 0 0 0 0 0 0 
NA322018_B 1 1 1 1 1 1 1 1 1 1 1 1 1 
NA321096_A 1 1 1 1 1 1 1 1 1 1 1 1 1 
NA321096_B 1 1 1 1 1 1 1 1 1 1 1 1 1 
NA321095_A 1 1 1 1 1 1 1 1 1 1 1 1 1 
NA321095_B 0 0 0 0 0 0 0 0 0 0 0 0 0 
NA322016_A 1 1 1 1 1 1 1 1 1 1 1 1 1 
NA322016_B 0 0 0 0 0 0 0 0 0 0 0 0 0 
NA321094_A 0 0 0 0 0 0 0 0 0 0 0 0 0 
NA321094_B 1 1 1 1 1 1 1 1 1 1 1 1 1 
NA322015_A 0 0 0 0 0 0 0 0 0 0 0 0 0 
NA322015_B 1 1 1 1 1 1 1 1 1 1 1 1 1 
NA321093_A 1 1 1 1 1 1 1 1 1 1 1 1 1 
NA321093_B 0 0 0 0 0 0 0 0 0 0 0 0 0 
NA322014_A 1 1 1 1 1 1 1 1 1 1 1 1 1 
NA322014_B 1 1 1 1 1 1 1 1 1 1 1 1 1 
NA321092_A 0 0 0 0 0 0 0 0 0 0 0 0 0 
NA321092_B 0 0 0 0 0 0 0 0 0 0 0 0 0 
NA322013_A 0 0 0 0 0 0 0 0 0 0 0 0 0 
NA322013_B 1 1 1 1 1 1 1 1 1 1 1 1 1 
NA321091_A 1 1 1 1 1 1 1 1 1 1 1 1 1 
NA321091_B 0 0 0 0 0 0 0 0 0 0 0 0 0 
NA322012_A 0 0 0 0 0 0 0 0 0 0 0 0 0 
NA322012_B 0 0 0 0 0 0 0 0 0 0 0 0 0 
NA321090_A 1 1 1 1 1 1 1 1 1 1 1 1 1 
NA321090_B 0 0 0 0 0 0 0 0 0 0 0 0 0 
NA322011_A 1 1 1 1 1 1 1 1 1 1 1 1 1 
NA322011_B 1 1 1 1 1 1 1 1 1 1 1 1 1 
NA322010_A 0 0 0 0 0 0 0 0 0 0 0 0 0 
NA322010_B 1 1 1 1 1 1 1 1 1 1 1 1 1 
NA321089_A 1 1 1 1 1 1 1 1 1 1 1 1 1 
NA321089_B 1 1 1 1 1 1 1 1 1 1 1 1 1 
NA322009_A 1 1 1 1 1 1 1 1 1 1 1 1 1 
NA322009_B 0 0 0 0 0 0 0 0 0 0 0 0 0 
NA322008_A 1 1 1 1 1 1 1 1 1 1 1 1 1 
NA322008_B 0 0 0 0 0 0 0 0 0 0 0 0 0 
NA322007_A 0 0 0 0 0 0 0 0 0 0 0 0 0 
NA322007_B 1 1 1 1 1 1 1 1 1 1 1 1 1 
NA321021_A 0 0 0 0 0 0 0 0 0 0 0 0 0 
NA321021_B 0 0 0 0 0 0 0 0 0 0 0 0 0 
NA322006_A 0 0 0 0 0 0 0 0 0 0 0 0 0 
NA322006_B 0 0 0 0 0 0 0 0 0 0 0 0 0 
NA321020_A 0 0 0 0 0 0 0 0 0 0 0 0 0 
NA321020_B 1 1 1 1 1 1 1 1 1 1 1 1 1 
NA322005_A 1 1 1 1 1 1 1 1 1 1 1 1 1 
NA322005_B 1 1 1 1 1 1 1 1 1 1 1 1 1 
NA322004_A 1 1 1 1 1 1 1 1 1 1 1 1 1 
NA322004_B 0 0 0 0 0 0 0 0 0 0 0 0 0 
NA322003_A 0 0 0 0 0 0 0 0 0 0 0 0 0 
NA322003_B 1 1 1 1 1 1 1 1 1 1 1 1 1 
NA322002_A 1 1 1 1 1 1 1 1 1 1 1 1 1 
NA322002_B 1 1 1 1 1 1 1 1 1 1 1 1 1 
NA322001_A 0 0 0 0 0 0 0 0 0 0 0 0 0 
NA322001_B 1 1 1 1 1 1 1 1 1 1 1 1 1 
NA322092_A 1 1 1 1 1 1 1 1 1 1 1 1 1 
NA322092_B 1 1 1 1 1 1 1 1 1 1 1 1 1 
NA322091_A 1 1 1 1 1 1 1 1 1 1 1 1 1 
NA322091_B 1 1 1 1 1 1 1 1 1 1 1 1 1 
NA322090_A 1 1 1 1 1 1 1 1 1 1 1 1 1 
NA322090_B 1 1 1 1 1 1 1 1 1 1 1 1 1 
NA321018_A 1 1 1 1 1 1 1 1 1 1 1 1 1 
NA321018_B 1 1 1 1 1 1 1 1 1 1 1 1 1 
NA321017_A 1 1 1 1 1 1 1 1 1 1 1 1 1 
NA321017_B 0 0 0 0 0 0 0 0 0 0 0 0 0 
NA321015_A 0 0 0 0 0 0 0 0 0 0 0 0 0 
NA321015_B 1 1 1 1 1 1 1 1 1 1 1 1 1 
NA321014_A 0 0 0 0 0 0 0 0 0 0 0 0 0 
NA321014_B 0 0 0 0 0 0 0 0 0 0 0 0 0 
NA321013_A 1 1 1 1 1 1 1 1 1 1 1 1 1 
NA321013_B 0 0 0 0 0 0 0 0 0 0 0 0 0 
NA321045_A 1 1 1 1 1 1 1 1 1 1 1 1 1 
NA321045_B 1 1 1 1 1 1 1 1 1 1 1 1 1 
NA321011_A 0 0 0 0 0 0 0 0 0 0 0 0 0 
NA321011_B 1 1 1 1 1 1 1 1 1 1 1 1 1 
NA321010_A 1 1 1 1 1 1 1 1 1 1 1 1 1 
NA321010_B 1 1 1 1 1 1 1 1 1 1 1 1 1 
NA322089_A 1 1 1 1 1 1 1 1 1 1 1 1 1 
NA322089_B 1 1 1 1 1 1 1 1 1 1 1 1 1 
NA322088_A 0 0 0 0 0 0 0 0 0 0 0 0 0 
NA322088_B 1 1 1 1 1 1 1 1 1 1 1 1 1 
NA322087_A 1 1 1 1 1 1 1 1 1 1 1 1 1 
NA322087_B 0 0 0 0 0 0 0 0 0 0 0 0 0 
NA322086_A 0 0 0 0 0 0 0 0 0 0 0 0 0 
NA322086_B 0 0 0 0 0 0 0 0 0 0 0 0 0 
NA322085_A 1 1 1 1 1 1 1 1 1 1 1 1 1 
NA322085_B 1 1 1 1 1 1 1 1 1 1 1 1 1 
NA321009_A 0 0 0 0 0 0 0 0 0 0 0 0 0 
NA321009_B 1 1 1 1 1 1 1 1 1 1 1 1 1 
NA321008_A 1 1 1 1 1 1 1 1 1 1 1 1 1 
NA321008_B 0 0 0 0 0 0 0 0 0 0 0 0 0 
NA321007_A 1 1 1 1 1 1 1 1 1 1 1 1 1 
NA321007_B 1 1 1 1 1 1 1 1 1 1 1 1 1 
NA321006_A 1 1 1 1 1 1 1 1 1 1 1 1 1 
NA321006_B 1 1 1 1 1 1 1 1 1 1 1 1 1 
NA321098_A 0 0 0 0 0 0 0 0 0 0 0 0 0 
NA321098_B 0 0 0 0 0 0 0 0 0 0 0 0 0 
NA321001_A 2 2 2 2 2 2 2 2 2 2 2 2 2 
NA321001_B 0 0 0 0 0 0 0 0 0 0 0 0 0 
NA321097_A 0 0 0 0 0 0 0 0 0 0 0 0 0 
NA321097_B 0 0 0 0 0 0 0 0 0 0 0 0 0 
NA201519_A 0 0 0 0 0 0 0 0 0 0 0 0 0 
NA201519_B 0 0 0 0 0 0 0 0 0 0 0 0 0 
NA201518_A 1 1 1 1 1 1 1 1 1 1 1 1 1 
NA201518_B 1 1 1 1 1 1 1 1 1 1 1 1 1 
NA201549_A 0 0 0 0 0 0 0 0 0 0 0 0 0 
NA201549_B 0 0 0 0 0 0 0 0 0 0 0 0 0 
NA201516_A 0 0 0 0 0 0 0 0 0 0 0 0 0 
NA201516_B 0 0 0 0 0 0 0 0 0 0 0 0 0 
NA201545_A 1 1 1 1 1 1 1 1 1 1 1 1 1 
NA201545_B 0 0 0 0 0 0 0 0 0 0 0 0 0 
NA201543_A 1 1 1 1 1 1 1 1 1 1 1 1 1 
NA201543_B 1 1 1 1 1 1 1 1 1 1 1 1 1 
NA202548_A 0 0 0 0 0 0 0 0 0 0 0 0 0 
NA202548_B 0 0 0 0 0 0 0 0 0 0 0 0 0 
NA202576_A 0 0 0 0 0 0 0 0 0 0 0 0 0 
NA202576_B 0 0 0 0 0 0 0 0 0 0 0 0 0 
NA202545_A 0 0 0 0 0 0 0 0 0 0 0 0 0 
NA202545_B 1 1 1 1 1 1 1 1 1 1 1 1 1 
NA202513_A 0 0 0 0 0 0 0 0 0 0 0 0 0 
NA202513_B 1 1 1 1 1 1 1 1 1 1 1 1 1 
NA202512_A 1 1 1 1 1 1 1 1 1 1 1 1 1 
NA202512_B 1 1 1 1 1 1 1 1 1 1 1 1 1 
NA202542_A 0 0 0 0 0 0 0 0 0 0 0 0 0 
NA202542_B 0 0 0 0 0 0 0 0 0 0 0 0 0 
NA201604_A 0 0 0 0 0 0 0 0 0 0 0 0 0 
NA201604_B 0 0 0 0 0 0 0 0 0 0 0 0 0 
NA202541_A 0 0 0 0 0 0 0 0 0 0 0 0 0 
NA202541_B 1 1 1 1 1 1 1 1 1 1 1 1 1 
NA201529_A 0 0 0 0 0 0 0 0 0 0 0 0 0 
NA201529_B 1 1 1 1 1 1 1 1 1 1 1 1 1 
NA201558_A 0 0 0 0 0 0 0 0 0 0 0 0 0 
NA201558_B 0 0 0 0 0 0 0 0 0 0 0 0 0 
NA201601_A 1 1 1 1 1 1 1 1 1 1 1 1 1 
NA201601_B 0 0 0 0 0 0 0 0 0 0 0 0 0 
NA201555_A 1 1 1 1 1 1 1 1 1 1 1 1 1 
NA201555_B 0 0 0 0 0 0 0 0 0 0 0 0 0 
NA201524_A 1 1 1 1 1 1 1 1 1 1 1 1 1 
NA201524_B 1 1 1 1 1 1 1 1 1 1 1 1 1 
NA201523_A 0 0 0 0 0 0 0 0 0 0 0 0 0 
NA201523_B 1 1 1 1 1 1 1 1 1 1 1 1 1 
NA202559_A 0 0 0 0 0 0 0 0 0 0 0 0 0 
NA202559_B 1 1 1 1 1 1 1 1 1 1 1 1 1 
NA202528_A 1 1 1 1 1 1 1 1 1 1 1 1 1 
NA202528_B 0 0 0 0 0 0 0 0 0 0 0 0 0 
NA201520_A 1 1 1 1 1 1 1 1 1 1 1 1 1 
NA201520_B 0 0 0 0 0 0 0 0 0 0 0 0 0 
NA202553_A 1 1 1 1 1 1 1 1 1 1 1 1 1 
NA202553_B 1 1 1 1 1 1 1 1 1 1 1 1 1 
NA202522_A 0 0 0 0 0 0 0 0 0 0 0 0 0 
NA202522_B 0 0 0 0 0 0 0 0 0 0 0 0 0 
NA202520_A 1 1 1 1 1 1 1 1 1 1 1 1 1 
NA202520_B 0 0 0 0 0 0 0 0 0 0 0 0 0 
NA201538_A 1 1 1 1 1 1 1 1 1 1 1 1 1 
NA201538_B 0 0 0 0 0 0 0 0 0 0 0 0 0 
NA201569_A 0 0 0 0 0 0 0 0 0 0 0 0 0 
NA201569_B 1 1 1 1 1 1 1 1 1 1 1 1 1 
NA201565_A 1 1 1 1 1 1 1 1 1 1 1 1 1 
NA201565_B 1 1 1 1 1 1 1 1 1 1 1 1 1 
NA202597_A 0 0 0 0 0 0 0 0 0 0 0 0 0 
NA202597_B 1 1 1 1 1 1 1 1 1 1 1 1 1 
